Particle_Number_idendity     vx(m/s)           vy(m/s)          position_x(m)       position_y(m) 
0                          324.797317          284.211913          0.530669                0.013261
1                          -140.727259          -45.270974          0.046420                0.151422
2                          62.710793          104.568306          0.495842                0.681991
3                          -384.674485          -148.255249          0.645093                0.059569
4                          275.110835          511.084185          0.688270                0.311627
5                          -228.069554          -38.496267          0.140855                0.797365
6                          433.067308          159.765441          0.929043                0.381285
7                          -172.677585          -205.693399          0.604756                0.754950
8                          32.641058          -154.515029          0.539588                0.573023
9                          -405.841577          75.928303          0.593023                0.818987
10                          10.379089          6.627751          0.413242                0.560330
11                          -126.683440          -11.895969          0.950893                0.896197
12                          -373.945345          -315.365538          0.038777                0.849779
13                          124.718313          -186.748990          0.036126                0.106693
14                          -377.186589          191.594935          0.127887                0.825580
15                          -42.154944          -131.984086          0.880635                0.058564
16                          -131.521258          58.525110          0.890156                0.220625
17                          -210.826954          489.522746          0.466237                0.450264
18                          150.589459          87.591283          0.392325                0.315216
19                          144.147989          44.324102          0.741233                0.360080
20                          -202.088836          354.839478          0.863965                0.082364
21                          191.747422          -174.557053          0.865851                0.676963
22                          -97.832619          -294.053121          0.390614                0.750766
23                          -167.231552          220.792256          0.312246                0.094286
24                          123.520438          89.839876          0.620520                0.525408
25                          206.522261          377.407475          0.888469                0.980580
26                          499.594060          -85.390226          0.498410                0.144387
27                          -218.593225          48.927024          0.094587                0.513537
28                          -242.631050          -66.021162          0.725760                0.286519
29                          -236.213735          1.661617          0.265526                0.728846
30                          75.015256          134.700105          0.596778                0.467284
31                          32.934055          -279.188742          0.647780                0.863935
32                          -333.113154          -229.283957          0.655923                0.502463
33                          51.457404          -193.597488          0.144453                0.287340
34                          388.241677          76.547134          0.749153                0.794057
35                          16.038669          36.132115          0.276260                0.403133
36                          -4.519151          85.810937          0.138962                0.410610
37                          -202.866192          -75.781882          0.175061                0.991735
38                          111.033046          -263.421696          0.327525                0.577862
39                          -137.543998          132.724324          0.529416                0.051645
40                          -128.222844          -2.959716          0.664520                0.372535
41                          461.015066          -69.382352          0.208914                0.467889
42                          -110.598721          111.712260          0.745269                0.195535
43                          116.777936          507.146915          0.014907                0.811915
44                          -135.704824          -232.407565          0.335654                0.031388
45                          647.724390          -143.810941          0.630819                0.698558
46                          -61.297859          -106.141786          0.557061                0.840821
47                          508.223242          -165.793686          0.985930                0.786391
48                          -274.496149          615.884643          0.567852                0.846258
49                          -217.950692          81.296806          0.047419                0.097287
50                          -222.952737          527.261594          0.524376                0.929287
51                          -32.284244          -458.286027          0.448584                0.907170
52                          -141.861008          80.405824          0.239662                0.856628
53                          -101.463176          -114.331781          0.131496                0.231719
54                          -120.937683          -287.784911          0.448248                0.626509
55                          -302.418188          -86.259109          0.270242                0.849538
56                          -91.406881          -267.410938          0.981280                0.464599
57                          -107.025701          -80.151963          0.268128                0.192913
58                          -313.794936          318.568255          0.222288                0.915967
59                          46.033996          219.190573          0.810367                0.337787
60                          -36.899541          301.467245          0.130541                0.099361
61                          -174.992198          796.052602          0.738532                0.320928
62                          132.941050          47.283460          0.167301                0.949737
63                          -250.798857          -37.435568          0.951696                0.774222
64                          -291.062794          -445.515427          0.360008                0.238156
65                          -0.815466          -185.936078          0.426921                0.486768
66                          -59.173722          -347.160049          0.624581                0.101552
67                          502.060476          -379.553433          0.066634                0.746453
68                          105.870672          -69.872131          0.331011                0.063580
69                          218.550361          -187.996888          0.607054                0.069844
70                          -258.122527          -415.088454          0.618152                0.194021
71                          50.645093          -129.537601          0.750262                0.825381
72                          -51.893647          314.463054          0.338152                0.214501
73                          176.488748          -161.559004          0.236459                0.330538
74                          284.566165          186.746918          0.127818                0.136534
75                          -642.502505          20.107225          0.427523                0.603115
76                          90.823620          -36.957032          0.789996                0.548161
77                          -160.547064          33.706588          0.399414                0.071352
78                          414.848415          -22.287626          0.235300                0.996395
79                          20.936934          -377.216461          0.841961                0.946869
80                          291.388139          35.326975          0.720340                0.210622
81                          220.073525          -108.591857          0.175371                0.959982
82                          8.866381          263.201606          0.330475                0.156509
83                          527.261570          324.179104          0.236995                0.236317
84                          61.927404          283.317700          0.715976                0.914787
85                          287.656268          -132.316941          0.615199                0.840420
86                          99.928073          -90.394658          0.907295                0.085231
87                          -490.818215          233.735549          0.515545                0.372422
88                          19.902101          300.188302          0.283279                0.771975
89                          311.767007          630.453512          0.992999                0.402619
90                          -119.945878          154.805278          0.807695                0.178687
91                          47.847050          8.282229          0.975042                0.074576
92                          398.567886          -112.180534          0.414136                0.382746
93                          -452.459202          -80.012233          0.841089                0.049968
94                          350.032556          207.711871          0.467051                0.209854
95                          43.215874          -495.376744          0.761293                0.077828
96                          275.625196          -30.528289          0.900470                0.705428
97                          6.714479          40.445326          0.153618                0.363026
98                          270.559043          179.167741          0.048049                0.424961
99                          -177.920433          -190.407759          0.958380                0.856102
100                          383.336375          181.335037          0.445162                0.353363
101                          -404.880454          -350.209761          0.250792                0.948491
102                          -225.666251          560.606599          0.126884                0.719841
103                          62.555542          174.053975          0.563794                0.714419
104                          -192.066394          20.394068          0.528615                0.614656
105                          283.112030          -58.832730          0.249465                0.540868
106                          -89.387504          -11.761920          0.176807                0.453884
107                          101.976423          -81.566883          0.569326                0.981363
108                          -81.789870          -38.228651          0.234181                0.012716
109                          -12.342806          188.152442          0.860730                0.894510
110                          -357.083853          928.131046          0.368709                0.230819
111                          450.053898          244.881619          0.818046                0.215294
112                          -72.314190          -265.847202          0.533445                0.313306
113                          200.547512          162.499899          0.252262                0.098743
114                          1.845171          242.632686          0.088838                0.199142
115                          76.735830          173.166746          0.939245                0.484110
116                          -72.997139          -2.329729          0.947963                0.730022
117                          -385.602576          -311.267277          0.189856                0.429474
118                          -27.474090          94.826166          0.432977                0.952201
119                          -197.079115          -230.017339          0.001462                0.163771
120                          107.211633          146.283164          0.970741                0.040818
121                          -123.922775          -82.752836          0.640966                0.747633
122                          -199.595287          -153.864317          0.456501                0.199125
123                          302.302125          425.007736          0.499337                0.057014
124                          591.150292          463.373529          0.031541                0.803686
125                          287.237984          229.392375          0.073706                0.356686
126                          -5.392685          104.602250          0.635743                0.659048
127                          9.330402          43.072087          0.329565                0.857979
128                          237.841328          -27.022561          0.155670                0.672740
129                          101.628392          116.376134          0.765923                0.570917
130                          -81.446479          -447.288540          0.327851                0.575352
131                          138.272084          187.367132          0.934439                0.610446
132                          -205.882359          246.414105          0.133071                0.665475
133                          255.848639          -65.912541          0.217088                0.308502
134                          27.259768          332.359510          0.605739                0.231942
135                          -83.597623          42.890167          0.949014                0.754926
136                          291.687791          -627.870136          0.762083                0.098604
137                          220.653556          -112.980434          0.109240                0.965666
138                          -77.083064          -163.543899          0.933154                0.555796
139                          68.634622          435.995751          0.777372                0.783890
140                          -26.484005          -14.090696          0.598134                0.397488
141                          121.970711          472.236791          0.127194                0.536756
142                          185.363603          22.036425          0.132591                0.279002
143                          -70.268877          175.736860          0.210938                0.193732
144                          436.568504          -138.885238          0.811833                0.174918
145                          -472.228999          -274.484467          0.972179                0.575393
146                          7.446744          10.232159          0.646513                0.004914
147                          -30.105079          240.526572          0.261263                0.858307
148                          16.446542          -427.468622          0.362303                0.675882
149                          -113.015798          488.770869          0.968737                0.735743
150                          -23.604846          480.169769          0.205211                0.603432
151                          353.785772          -118.548102          0.465755                0.735785
152                          -76.418341          35.139654          0.283285                0.381918
153                          -179.863018          496.243586          0.907383                0.159696
154                          -488.595044          86.978074          0.986064                0.504767
155                          -145.777107          21.067364          0.022078                0.032158
156                          419.819632          59.489367          0.554722                0.616444
157                          -412.115931          74.273089          0.056490                0.716425
158                          40.384923          -374.390417          0.579961                0.192172
159                          391.544853          -449.489022          0.534826                0.539641
160                          579.092975          -48.011993          0.144677                0.770698
161                          46.255852          -38.665016          0.275899                0.228534
162                          -162.487990          -119.135591          0.799210                0.501826
163                          -334.124615          162.163676          0.346298                0.481319
164                          -111.667573          -65.081151          0.656101                0.859264
165                          -131.791823          378.458825          0.867865                0.559270
166                          -74.958284          249.132800          0.445757                0.518031
167                          -407.048311          -371.922844          0.919916                0.028128
168                          33.984826          -203.726402          0.555439                0.382589
169                          -104.482827          -92.655830          0.527944                0.444616
170                          -129.911935          -153.415827          0.281985                0.632141
171                          -63.961084          -181.727698          0.015221                0.830839
172                          249.735010          174.761707          0.769548                0.702022
173                          -35.990446          -14.614056          0.001688                0.751591
174                          70.161934          106.601690          0.895785                0.116529
175                          32.966257          -142.407621          0.583081                0.329807
176                          -44.509965          144.979801          0.359107                0.436807
177                          107.050744          252.822463          0.984496                0.424722
178                          164.118340          -217.830366          0.174057                0.248026
179                          -415.802103          -168.361734          0.570470                0.462658
180                          -445.359376          183.564619          0.941558                0.278382
181                          -213.939271          64.271189          0.990846                0.939139
182                          98.202441          -23.139606          0.743097                0.420292
183                          -341.846845          74.930178          0.656125                0.905334
184                          -360.888386          234.574448          0.495353                0.587125
185                          -51.055482          -45.713696          0.783308                0.595771
186                          -18.495695          112.538911          0.780961                0.759662
187                          155.598189          547.116419          0.218488                0.242847
188                          39.109605          54.760785          0.683357                0.810190
189                          297.824185          105.727240          0.495007                0.679420
190                          -133.404723          -175.342483          0.091637                0.529664
191                          -60.328273          232.513005          0.202038                0.356570
192                          -70.329883          500.205369          0.045068                0.841211
193                          -298.161357          49.484138          0.392644                0.610292
194                          -114.165377          -174.807531          0.188215                0.996497
195                          -163.813041          -53.855217          0.072419                0.303227
196                          -24.860334          -13.741942          0.058853                0.205887
197                          210.647664          -89.088001          0.654782                0.744348
198                          -226.194107          243.198892          0.913398                0.767817
199                          -91.581628          54.982953          0.607061                0.633650
200                          -191.660736          83.306665          0.545759                0.652310
201                          529.247082          -156.733203          0.388733                0.861258
202                          -19.935935          -376.279262          0.537462                0.468894
203                          -101.753126          -3.230123          0.931430                0.640423
204                          -276.751036          -25.176077          0.811739                0.697980
205                          162.232371          -191.550022          0.973261                0.920325
206                          -14.571800          -212.265861          0.598660                0.899137
207                          389.366856          84.463671          0.691266                0.697701
208                          13.874580          49.378232          0.153505                0.345848
209                          161.931958          249.565601          0.190272                0.044084
210                          -187.218128          -150.454038          0.836609                0.662936
211                          -5.545036          -200.034129          0.488554                0.465288
212                          -210.318019          32.169623          0.140927                0.467960
213                          38.595574          -0.959798          0.870396                0.616636
214                          105.779641          -99.614104          0.149912                0.911509
215                          -388.747101          244.185999          0.885656                0.093422
216                          -193.032453          -451.684112          0.503195                0.078786
217                          483.241939          282.558775          0.604435                0.864554
218                          87.377033          195.030121          0.109524                0.941408
219                          -0.486572          182.722378          0.432427                0.644672
220                          74.837322          93.861199          0.846435                0.255634
221                          165.461598          -381.746746          0.404792                0.211607
222                          66.891027          320.663770          0.692513                0.898151
223                          134.859834          -112.053355          0.886471                0.943423
224                          -448.903569          24.953014          0.961578                0.661775
225                          -232.966996          -532.031002          0.004446                0.572381
226                          -289.787435          -509.554193          0.347859                0.474643
227                          151.475270          -145.849407          0.098223                0.426065
228                          384.889617          238.718604          0.932120                0.890714
229                          -204.146280          -231.218220          0.273134                0.352476
230                          408.374279          -694.712353          0.209778                0.412889
231                          -361.299197          -38.904412          0.633387                0.536303
232                          91.354542          490.122310          0.248142                0.566588
233                          -48.114788          89.441459          0.615217                0.066576
234                          -9.575236          -50.445374          0.374693                0.398247
235                          -196.450978          -237.781345          0.751987                0.052475
236                          -194.425313          214.304420          0.506170                0.534956
237                          427.296951          -340.043016          0.267258                0.434480
238                          -68.570245          20.946785          0.654237                0.643673
239                          -93.225447          -226.413423          0.341638                0.949095
240                          -384.701507          -462.603959          0.666483                0.370155
241                          347.373849          -100.470844          0.245061                0.490275
242                          22.843738          133.792508          0.569967                0.778745
243                          254.246865          346.515258          0.825875                0.596383
244                          -287.002850          -144.257352          0.243465                0.401656
245                          -380.659595          269.475519          0.179492                0.183585
246                          139.339073          -143.051462          0.924909                0.678920
247                          -347.560651          14.515166          0.625549                0.881746
248                          -100.819012          403.318552          0.662217                0.816059
249                          -169.653156          -114.955207          0.725901                0.289122
250                          -29.489238          86.059833          0.497606                0.037146
251                          306.334124          243.207269          0.965719                0.902870
252                          -304.782702          -202.940740          0.185347                0.672368
253                          -414.006514          -199.103608          0.270515                0.311861
254                          83.631635          101.778780          0.331915                0.299427
255                          143.639329          -82.488098          0.163075                0.410597
256                          180.995269          53.094914          0.844237                0.458167
257                          127.967360          230.630833          0.101995                0.011583
258                          -290.351786          44.249980          0.560536                0.435946
259                          -671.007780          -34.357746          0.832424                0.666062
260                          159.640918          264.979574          0.615389                0.924379
261                          138.550889          222.771980          0.032855                0.523866
262                          -8.362250          235.874458          0.404270                0.541790
263                          472.520312          -117.722062          0.782340                0.914896
264                          169.391600          -131.415016          0.167451                0.422929
265                          410.639049          102.066444          0.273666                0.043045
266                          -82.634622          -13.089992          0.577884                0.076733
267                          108.671911          29.066954          0.216667                0.669874
268                          -311.888152          -103.658125          0.582132                0.579245
269                          -451.823168          364.271974          0.882017                0.149175
270                          267.433210          3.166080          0.999452                0.388555
271                          -157.039279          -31.891754          0.487859                0.350503
272                          10.498590          11.584440          0.465837                0.719173
273                          110.753367          298.846341          0.484203                0.024390
274                          109.656805          93.459341          0.547395                0.706532
275                          -249.289593          -53.721279          0.859785                0.226543
276                          -71.990552          14.815911          0.341147                0.650248
277                          -151.944861          -20.870590          0.135206                0.452700
278                          -187.554757          -54.312328          0.111584                0.767387
279                          -62.940142          152.505278          0.222802                0.487942
280                          -354.655705          -135.147480          0.626559                0.268487
281                          -222.377898          -56.975466          0.746655                0.673511
282                          226.104410          -67.367903          0.552030                0.481668
283                          -258.374426          -114.149842          0.104263                0.436038
284                          149.504383          -31.752833          0.115210                0.637481
285                          -223.238921          -28.138689          0.013206                0.128267
286                          241.057322          -140.202165          0.622401                0.627596
287                          -269.821748          -52.061234          0.004397                0.220492
288                          7.572997          -92.437649          0.841559                0.643259
289                          -235.033093          167.519121          0.753593                0.058026
290                          35.211835          -59.811490          0.877584                0.539959
291                          226.819185          -75.291013          0.348111                0.598416
292                          -160.802724          114.083977          0.552008                0.497179
293                          406.228493          201.574650          0.672505                0.492025
294                          -311.208845          75.549096          0.158245                0.466313
295                          -415.460545          -239.924000          0.586121                0.407317
296                          62.836984          -276.278983          0.740275                0.815247
297                          197.580944          -71.842486          0.984189                0.412585
298                          -120.287428          -21.865879          0.086660                0.161902
299                          -237.970885          -3.674814          0.468775                0.062364
300                          -55.123144          -138.454641          0.549788                0.650099
301                          -0.551107          73.190338          0.485902                0.905251
302                          166.619816          17.344537          0.228551                0.942486
303                          151.992637          582.357376          0.191771                0.422169
304                          -438.712021          585.778501          0.121975                0.666836
305                          -309.220450          -333.833681          0.291405                0.725145
306                          -29.729292          -181.109268          0.170543                0.025753
307                          13.367189          -10.932860          0.601874                0.744746
308                          -542.129687          125.083634          0.072419                0.542220
309                          -138.294942          259.250859          0.624111                0.195193
310                          -468.828283          -290.488725          0.059506                0.648680
311                          195.037948          140.205815          0.297437                0.082796
312                          -5.697785          -239.443600          0.143039                0.424306
313                          -381.192309          -98.245555          0.505467                0.473053
314                          -192.044160          2.375119          0.485393                0.711300
315                          -123.548056          -254.910101          0.033515                0.014530
316                          -250.843640          156.252300          0.975283                0.152938
317                          405.363926          -313.368613          0.052636                0.586765
318                          98.598924          -253.863331          0.304025                0.166296
319                          -232.461891          -552.873274          0.864486                0.372145
320                          91.808342          312.403752          0.482637                0.121499
321                          -0.678405          362.058119          0.932309                0.859582
322                          -347.653050          -208.706395          0.035176                0.514704
323                          644.152710          -115.797709          0.740086                0.247580
324                          -82.021163          263.450707          0.047650                0.184396
325                          -231.847076          -411.699372          0.813664                0.638589
326                          97.199260          73.069592          0.235311                0.951173
327                          62.889940          183.001712          0.496186                0.378407
328                          -239.919629          507.771379          0.123461                0.157970
329                          204.251824          -429.486766          0.720136                0.847107
330                          24.470671          122.886782          0.624919                0.924474
331                          -32.806584          -93.433715          0.848909                0.459344
332                          -79.635687          346.457890          0.258517                0.449039
333                          196.639871          176.831244          0.308078                0.202502
334                          98.071648          58.409955          0.004358                0.803149
335                          215.269480          135.400547          0.751825                0.903873
336                          186.500768          -91.680940          0.713130                0.626711
337                          155.405315          256.478392          0.082904                0.453802
338                          63.029921          -211.113416          0.530474                0.716352
339                          -42.747816          577.219439          0.361283                0.441391
340                          311.354715          298.440089          0.758557                0.365149
341                          128.578192          -62.227083          0.745763                0.424750
342                          -150.656848          48.115335          0.503648                0.345508
343                          210.306257          130.582035          0.234408                0.303077
344                          -224.063742          181.377704          0.140063                0.360150
345                          184.596505          176.543907          0.438647                0.905892
346                          -241.193625          177.592282          0.756512                0.584193
347                          887.362497          -154.516316          0.923016                0.646303
348                          252.698682          302.840837          0.693550                0.236662
349                          -116.569061          211.554826          0.472473                0.051518
350                          379.924681          57.940103          0.720763                0.327818
351                          44.631762          -275.673333          0.891764                0.353532
352                          -26.524337          -228.105201          0.286497                0.335443
353                          281.037984          371.766826          0.494185                0.400527
354                          271.681040          -323.975227          0.714961                0.515160
355                          393.551332          -18.480199          0.086757                0.300562
356                          -50.748675          -81.738049          0.825038                0.463063
357                          -63.329392          118.164189          0.557459                0.208327
358                          -185.685143          -81.192013          0.513683                0.352554
359                          -65.223397          313.622961          0.752625                0.664884
360                          -420.611821          -49.427073          0.741500                0.970693
361                          -270.457172          -57.635221          0.231344                0.237585
362                          -213.772930          231.795371          0.489781                0.460179
363                          82.545728          171.018763          0.620530                0.043903
364                          -25.825838          6.909864          0.316122                0.464964
365                          97.285825          -183.871749          0.022416                0.108402
366                          -308.607035          -252.375356          0.917835                0.772158
367                          176.367233          16.951985          0.103100                0.938946
368                          -424.598077          8.710385          0.870516                0.331303
369                          -118.230332          -206.147557          0.207117                0.607761
370                          164.346334          -267.858193          0.979714                0.289884
371                          382.127325          72.246230          0.229088                0.389796
372                          366.561798          123.399177          0.686004                0.477460
373                          91.840823          -308.794084          0.118251                0.995877
374                          -129.025102          -120.968192          0.226438                0.029786
375                          -187.710066          73.125308          0.890664                0.467614
376                          126.716580          5.609311          0.917423                0.168902
377                          -392.010800          -359.412180          0.858784                0.376989
378                          -96.668866          -108.266307          0.189499                0.797541
379                          326.834389          -252.312957          0.411471                0.370099
380                          50.724394          -23.988646          0.499012                0.987914
381                          -129.971182          -14.842828          0.930639                0.182083
382                          -355.572376          -330.119666          0.895052                0.895650
383                          -3.911146          472.481367          0.516093                0.252383
384                          164.610827          -79.828595          0.217097                0.320663
385                          232.101947          -123.309514          0.447201                0.327917
386                          342.957633          152.084680          0.113245                0.601381
387                          -211.999690          77.159661          0.112420                0.221727
388                          -71.305749          -57.351634          0.187114                0.870018
389                          5.451579          0.106500          0.321755                0.181717
390                          271.508486          326.796283          0.452504                0.290101
391                          -78.398279          338.373627          0.139424                0.323575
392                          78.179467          -306.851096          0.923738                0.860875
393                          207.686065          -112.014092          0.587100                0.485500
394                          -82.483122          -548.874621          0.179543                0.520842
395                          -157.122890          -146.750946          0.184401                0.861015
396                          399.456260          16.213120          0.299431                0.362812
397                          349.139760          66.707937          0.677398                0.989093
398                          142.809141          -68.393651          0.699702                0.936938
399                          12.976077          -447.453444          0.285951                0.646775
