Particle_Number_idendity     vx(m/s)           vy(m/s)          position_x(m)       position_y(m) 
0                          126.990898          108.510874          0.779961                0.642912
1                          -77.276266          -293.889387          0.806456                0.630969
2                          -171.175734          246.693251          0.847513                0.662732
3                          219.576117          219.378818          0.943528                0.866781
4                          -50.159347          36.275066          0.033109                0.921917
5                          -199.189123          -111.077641          0.882947                0.562734
6                          390.143073          -123.914617          0.174634                0.237025
7                          -203.852030          182.389188          0.411984                0.952424
8                          -264.674471          -351.862366          0.682026                0.057679
9                          219.065124          303.410962          0.628533                0.224540
10                          -356.197855          -17.092815          0.025981                0.995419
11                          181.169304          -659.663849          0.041063                0.795091
12                          133.543103          342.959299          0.323618                0.935635
13                          -31.302827          -26.519128          0.450800                0.947695
14                          674.318699          -5.161133          0.509139                0.900155
15                          57.868018          -154.464200          0.568886                0.604838
16                          111.384542          183.807718          0.419782                0.055460
17                          -284.562903          235.326305          0.427137                0.038881
18                          71.850394          189.259301          0.701609                0.611698
19                          -43.503997          155.709496          0.025038                0.290975
20                          -200.677701          -19.035918          0.512117                0.572786
21                          81.051704          268.926404          0.808445                0.610734
22                          -220.743932          82.188995          0.341716                0.749668
23                          -164.493209          -283.404030          0.940953                0.077092
24                          97.943211          -152.301238          0.629704                0.306143
25                          316.181012          288.730425          0.826866                0.823828
26                          31.520229          -363.127855          0.409500                0.212534
27                          -314.613140          -283.876295          0.985402                0.357666
28                          -367.129494          -121.523072          0.157260                0.182162
29                          522.969393          96.537126          0.176602                0.153071
30                          -98.177984          164.635584          0.170356                0.108795
31                          -42.684559          289.325494          0.105173                0.284609
32                          -448.669664          73.255111          0.431919                0.313225
33                          96.215963          -139.270261          0.612464                0.845945
34                          318.778199          -195.300168          0.077375                0.955925
35                          -326.648650          112.885598          0.845755                0.314969
36                          -709.937504          -233.804295          0.925765                0.320981
37                          -349.192569          -182.461309          0.634069                0.440189
38                          241.189035          -184.765113          0.511742                0.475260
39                          134.769025          33.579724          0.910342                0.960299
40                          242.442627          -387.351375          0.751056                0.562297
41                          -237.537134          152.882812          0.273438                0.783558
42                          -121.951302          -274.580085          0.416198                0.642979
43                          167.094411          34.826209          0.059225                0.850788
44                          -462.944903          -1.955755          0.076982                0.010535
45                          -338.596218          34.185853          0.047391                0.934088
46                          166.947789          -232.622517          0.160268                0.765798
47                          -43.117314          223.165286          0.988583                0.149705
48                          -35.184871          -11.395963          0.273923                0.165665
49                          61.178702          81.807373          0.023041                0.773934
50                          -20.050687          -203.975668          0.871612                0.012069
51                          -106.726174          108.120030          0.331072                0.827652
52                          -202.867321          -272.312810          0.470280                0.660407
53                          14.115870          118.367938          0.095143                0.280839
54                          5.194121          -301.874558          0.782187                0.292008
55                          594.827790          282.649755          0.269400                0.187290
56                          -232.106506          -430.856762          0.865989                0.802323
57                          190.437801          178.309879          0.115184                0.366240
58                          12.543694          116.334144          0.797439                0.297846
59                          251.873512          15.846584          0.197125                0.484201
60                          159.095086          -62.414094          0.231993                0.255847
61                          697.318317          -180.388699          0.689819                0.185169
62                          -43.466909          333.514401          0.678482                0.286930
63                          -79.314325          82.188594          0.236841                0.146127
64                          243.424029          305.731110          0.752432                0.183156
65                          15.320663          273.287448          0.339624                0.817447
66                          -31.554526          -307.138907          0.500572                0.120146
67                          -197.748273          226.927680          0.651275                0.164051
68                          -267.333265          159.889644          0.001431                0.271422
69                          385.270527          -108.556362          0.176062                0.809866
70                          561.264495          -142.732106          0.859427                0.699781
71                          137.967991          -117.797461          0.067152                0.198973
72                          -311.982701          -248.710193          0.052996                0.126486
73                          113.828107          469.158982          0.735762                0.508877
74                          -415.109206          343.309006          0.352862                0.822575
75                          98.113100          -205.027632          0.929909                0.969687
76                          -273.268035          67.237903          0.441229                0.982436
77                          178.102790          244.275799          0.347588                0.978231
78                          -293.152400          -206.453308          0.980539                0.857032
79                          -142.867287          34.862408          0.458510                0.657356
80                          -119.973658          113.744626          0.416309                0.301952
81                          152.955961          4.027842          0.057954                0.120473
82                          -106.547432          -361.472241          0.337908                0.278931
83                          -10.933663          -37.247985          0.055168                0.033146
84                          -253.896193          244.854451          0.452223                0.519810
85                          -280.603431          208.956356          0.203851                0.501857
86                          -220.176013          -272.544628          0.495026                0.138224
87                          -184.869776          48.729574          0.163163                0.193356
88                          26.251310          -42.561397          0.086750                0.096319
89                          -374.047388          -8.235381          0.567416                0.276533
90                          150.298603          183.846912          0.423685                0.718342
91                          180.505487          31.341345          0.189682                0.955858
92                          -219.513621          177.298479          0.772292                0.890869
93                          -286.696477          -3.156569          0.774986                0.230596
94                          -74.129002          -327.395066          0.388352                0.909186
95                          -125.738733          -49.836346          0.001873                0.431943
96                          -362.497231          98.575241          0.659569                0.649688
97                          176.712115          -201.401432          0.781276                0.605618
98                          -255.669002          -114.184858          0.763558                0.052889
99                          -30.765261          160.422939          0.420055                0.929653
100                          -281.712979          -155.742517          0.142038                0.825352
101                          404.792347          -67.411302          0.232697                0.600773
102                          20.105617          -34.215306          0.193274                0.165798
103                          -59.314005          29.490265          0.799508                0.550246
104                          -339.865745          208.506980          0.039161                0.871962
105                          -269.317456          127.492491          0.316090                0.401230
106                          188.972978          201.999688          0.295107                0.803257
107                          -37.446139          66.567549          0.398025                0.350615
108                          441.203345          53.659933          0.752614                0.892568
109                          -338.790863          -294.305349          0.417130                0.054940
110                          -244.565248          123.763580          0.705568                0.213987
111                          76.255572          16.577013          0.323341                0.757672
112                          318.240952          245.046242          0.971391                0.610513
113                          -176.473908          -50.828017          0.473356                0.590828
114                          -140.755034          245.446058          0.048418                0.436213
115                          289.737079          -337.655720          0.255491                0.786821
116                          33.162725          284.606445          0.672036                0.244864
117                          184.547906          -12.066820          0.820670                0.939275
118                          -110.205980          94.813235          0.342110                0.195068
119                          132.647731          -330.272594          0.879095                0.723810
120                          125.786822          -327.529007          0.609029                0.568505
121                          205.972289          263.123693          0.881930                0.994334
122                          -68.396287          -90.201070          0.989592                0.618328
123                          210.230060          -557.773332          0.572079                0.026654
124                          -654.571954          390.232632          0.286715                0.023002
125                          -286.000919          -196.395747          0.725047                0.185965
126                          -274.713997          -307.247667          0.827126                0.497394
127                          193.755066          147.796269          0.862568                0.658402
128                          57.508503          3.166633          0.455165                0.896874
129                          -457.546906          281.176769          0.764363                0.661319
130                          -317.814338          -409.939109          0.095294                0.403835
131                          544.778050          -15.214248          0.133764                0.820398
132                          -113.101185          -295.522389          0.656987                0.639824
133                          137.937211          -518.985618          0.182879                0.456822
134                          74.735199          -121.990551          0.235742                0.352663
135                          77.948238          -198.828709          0.550101                0.257922
136                          138.066763          195.684697          0.789648                0.416819
137                          372.843573          189.499024          0.891049                0.787113
138                          340.884813          -223.582889          0.481030                0.989132
139                          291.436067          -6.664772          0.766075                0.376827
140                          -199.827296          95.488295          0.714113                0.038748
141                          -391.295673          -265.629073          0.462705                0.883909
142                          -95.116162          449.911811          0.830683                0.602745
143                          62.125130          -201.087759          0.362734                0.944118
144                          -351.725860          -141.985868          0.440824                0.183743
145                          -245.273733          255.718889          0.371725                0.609648
146                          172.321794          280.279463          0.210242                0.105613
147                          306.153322          -241.869286          0.032918                0.626059
148                          34.988500          114.048228          0.013791                0.035718
149                          22.525252          237.036521          0.480167                0.947756
150                          126.019766          552.930062          0.249012                0.895346
151                          301.071656          -200.447896          0.628662                0.173194
152                          70.515370          562.792712          0.028841                0.086447
153                          -237.822958          -124.221531          0.918355                0.524490
154                          -610.990146          -13.996972          0.231391                0.175927
155                          -199.340385          398.686844          0.690409                0.699261
156                          155.016821          497.220920          0.622116                0.911720
157                          209.962853          -219.481928          0.283305                0.500560
158                          237.797966          84.008123          0.759342                0.391240
159                          -124.863497          6.712829          0.424642                0.030948
160                          20.827297          -13.115271          0.830735                0.292288
161                          23.647090          -162.650056          0.427908                0.701494
162                          -309.193115          -257.433722          0.288724                0.292065
163                          -111.187665          115.484370          0.635278                0.093842
164                          -363.343536          13.296999          0.271069                0.745409
165                          85.511625          287.349241          0.988214                0.778691
166                          286.318752          126.964055          0.800331                0.557169
167                          -476.866526          212.228336          0.082182                0.643348
168                          271.638046          108.085058          0.353025                0.529471
169                          18.813005          34.191528          0.750602                0.446279
170                          -249.710365          84.892860          0.669330                0.879244
171                          -475.290510          222.307636          0.334028                0.876286
172                          -48.431819          120.453596          0.695979                0.530597
173                          -63.141606          -235.723367          0.757674                0.558822
174                          -131.920747          -83.181654          0.713143                0.438947
175                          328.476240          122.489777          0.699057                0.337776
176                          298.135807          327.710591          0.701565                0.260850
177                          -132.381534          -123.078049          0.370592                0.171366
178                          113.760176          -47.941916          0.178441                0.702808
179                          -259.639771          279.375109          0.812410                0.231117
180                          -256.828343          440.301042          0.427287                0.211182
181                          -251.357414          -380.934394          0.685862                0.678400
182                          -526.798937          2.187475          0.881164                0.725071
183                          124.902252          351.973159          0.770422                0.204830
184                          382.298253          -178.690581          0.445954                0.589430
185                          -172.397623          -367.408938          0.047346                0.700870
186                          60.954231          190.944316          0.511719                0.934560
187                          227.021613          300.704841          0.358806                0.907726
188                          -237.145552          -94.776307          0.866044                0.416892
189                          466.356010          -247.643508          0.587607                0.793148
190                          210.889735          365.507513          0.030875                0.433543
191                          61.513497          101.635629          0.305298                0.886544
192                          -91.136553          -37.965796          0.182546                0.209482
193                          22.850674          -61.781981          0.661087                0.801791
194                          83.114312          -275.823137          0.298414                0.323177
195                          230.440296          -72.811794          0.827656                0.789530
196                          26.781243          -107.394135          0.639739                0.452919
197                          546.078571          -132.575038          0.880678                0.229349
198                          370.971133          313.438682          0.241528                0.133067
199                          494.815300          -141.125914          0.030819                0.544142
200                          66.796812          -282.554558          0.030187                0.087430
201                          -56.312709          323.779856          0.488200                0.150345
202                          62.484184          -342.255162          0.664886                0.903510
203                          -191.609161          553.125867          0.600217                0.489311
204                          -325.127789          109.700048          0.570126                0.028722
205                          155.056712          487.145080          0.594854                0.120613
206                          -116.361349          -151.191607          0.648071                0.487229
207                          -14.967876          -122.736523          0.231979                0.202006
208                          296.944944          252.747289          0.965062                0.194256
209                          -45.669288          387.581317          0.965356                0.127382
210                          203.727967          277.866902          0.732288                0.385159
211                          -157.083312          -383.729121          0.266628                0.200765
212                          -244.664694          -383.218812          0.100791                0.384267
213                          382.206959          -340.509690          0.282485                0.078346
214                          -82.220695          77.663939          0.567822                0.665947
215                          -186.398615          -181.163992          0.059058                0.855869
216                          -309.114283          -120.784912          0.094570                0.542876
217                          102.325211          161.257069          0.978471                0.926521
218                          -453.794117          204.766295          0.754584                0.300687
219                          -104.960630          -250.849340          0.152892                0.748170
220                          -70.760745          145.240509          0.820347                0.199378
221                          -15.393382          482.973146          0.432322                0.508090
222                          98.043150          -229.142217          0.103405                0.042768
223                          122.360163          -15.338773          0.033800                0.543655
224                          -195.784523          -83.444352          0.366147                0.319207
225                          -275.704793          140.356701          0.420338                0.493139
226                          45.337516          -246.780885          0.533463                0.569841
227                          -33.244295          121.869371          0.637127                0.525356
228                          175.611582          58.032892          0.646809                0.509578
229                          -153.423624          44.885929          0.576074                0.227667
230                          263.384432          314.143674          0.164051                0.032056
231                          41.733759          -59.902016          0.673475                0.906538
232                          52.834882          -225.402857          0.418610                0.535267
233                          -242.443914          203.001364          0.663954                0.142777
234                          195.483987          -0.235180          0.151706                0.940986
235                          62.773630          61.103548          0.277113                0.593651
236                          -55.823022          -93.580332          0.495992                0.722232
237                          -325.926911          -310.392320          0.174200                0.289656
238                          435.507751          351.503522          0.524475                0.710653
239                          -481.644608          204.615411          0.666205                0.084896
240                          13.356405          -192.299089          0.779515                0.977336
241                          46.573063          -131.928267          0.242607                0.845826
242                          214.488883          202.477747          0.334260                0.119143
243                          362.554749          422.140492          0.072470                0.308389
244                          -291.630107          -5.661010          0.473388                0.905535
245                          -41.090114          9.194831          0.480760                0.994954
246                          396.697459          385.046571          0.677855                0.948675
247                          -59.724515          41.912164          0.804364                0.842443
248                          77.683481          180.946070          0.056867                0.362552
249                          36.754751          80.698383          0.075558                0.570893
250                          12.859737          176.346054          0.974145                0.731002
251                          -132.677280          168.813604          0.800401                0.004088
252                          70.973548          -64.683029          0.118812                0.789242
253                          -246.721772          516.815570          0.499970                0.546818
254                          -112.974775          -123.835434          0.988840                0.013215
255                          -198.677117          -395.458964          0.486312                0.341238
256                          105.470070          15.174258          0.104002                0.714613
257                          344.759905          -174.055377          0.231989                0.060855
258                          -142.200634          224.573107          0.717897                0.048150
259                          -399.495158          -290.472098          0.969793                0.022379
260                          806.125339          147.513289          0.603538                0.966109
261                          22.930382          -129.613262          0.302430                0.169666
262                          -185.367481          -148.502362          0.905793                0.731561
263                          194.304378          374.941011          0.240189                0.821970
264                          64.965217          -50.950344          0.801916                0.076042
265                          -49.363712          294.663355          0.708734                0.760365
266                          85.936823          -157.172379          0.915698                0.012130
267                          271.269690          312.756805          0.247092                0.545425
268                          189.341746          393.843891          0.736781                0.100603
269                          -64.407261          103.126944          0.739596                0.919330
270                          -149.567127          204.762545          0.629341                0.423388
271                          -173.409837          204.377804          0.295971                0.400128
272                          -197.036262          -227.506712          0.132063                0.904418
273                          -196.964445          -160.704453          0.583851                0.661910
274                          -46.438929          -202.664666          0.715081                0.422884
275                          144.651646          -125.981046          0.936353                0.612876
276                          -133.750756          203.488253          0.514887                0.787027
277                          220.751144          -367.468575          0.777938                0.368863
278                          283.973000          -399.548524          0.283532                0.114842
279                          111.638868          165.506220          0.753240                0.206388
280                          -263.282639          393.077175          0.824834                0.751825
281                          -135.555174          -82.849490          0.403164                0.596866
282                          106.530451          461.245868          0.804632                0.152511
283                          -20.627525          70.734039          0.032176                0.138126
284                          117.725855          658.399883          0.613252                0.355181
285                          53.620576          350.287081          0.201175                0.589264
286                          -159.484371          392.171068          0.053578                0.601415
287                          -5.877525          -35.874001          0.663488                0.339668
288                          233.818808          402.829730          0.648521                0.733079
289                          -606.360934          23.414041          0.251323                0.642566
290                          -32.790118          380.040370          0.970792                0.225956
291                          33.105857          -312.185566          0.070238                0.848076
292                          -364.295619          -72.990805          0.076362                0.676251
293                          231.748986          60.998015          0.444360                0.744104
294                          -114.774578          -101.155476          0.513794                0.242747
295                          -222.672226          -247.129143          0.314566                0.320853
296                          24.376204          342.917984          0.274160                0.554682
297                          131.248603          35.396105          0.196889                0.441884
298                          -60.735835          366.140072          0.901159                0.732913
299                          -475.775019          -213.781750          0.790494                0.902219
300                          54.665270          148.321849          0.023312                0.684311
301                          -231.928554          100.374940          0.485441                0.866514
302                          -131.060732          44.429249          0.518853                0.779580
303                          275.805060          -80.093452          0.282313                0.609636
304                          -298.206448          393.356965          0.159262                0.550413
305                          -157.913915          305.835633          0.808535                0.260654
306                          2.714698          -329.276827          0.633012                0.743136
307                          51.778036          -89.872862          0.641800                0.758842
308                          -94.423316          162.955479          0.748038                0.650249
309                          -142.899814          -103.635652          0.966622                0.706895
310                          -680.406737          83.697275          0.713123                0.415615
311                          126.265698          69.161096          0.269132                0.846599
312                          -40.161128          -174.076330          0.437660                0.766998
313                          -282.478445          246.563845          0.966811                0.763566
314                          -33.178675          32.606114          0.413592                0.416415
315                          164.169952          165.538229          0.054537                0.672680
316                          -191.530642          -74.180613          0.944635                0.198150
317                          -224.572047          65.664093          0.754490                0.640942
318                          406.966161          134.317313          0.354265                0.095101
319                          236.978538          -112.458137          0.187281                0.025489
320                          -299.178384          -317.290196          0.178760                0.020284
321                          158.680122          210.979190          0.033989                0.863577
322                          -231.920682          -157.653740          0.248353                0.520416
323                          -490.164129          106.181959          0.059199                0.627405
324                          194.660117          79.482218          0.308457                0.212904
325                          268.668218          -137.677816          0.860475                0.684539
326                          189.187728          170.934372          0.573172                0.045689
327                          31.519197          269.568612          0.373135                0.922524
328                          4.404812          -348.085921          0.496307                0.049888
329                          -49.271290          -177.773713          0.044789                0.450547
330                          292.630142          -27.556346          0.932107                0.454935
331                          -104.814236          89.534941          0.579143                0.752720
332                          -171.154853          -356.822486          0.619907                0.576746
333                          162.156974          7.737148          0.799596                0.467823
334                          153.700272          148.235976          0.202776                0.780819
335                          -251.662816          -155.111518          0.794396                0.940853
336                          -43.515840          232.955224          0.832347                0.986461
337                          -61.043443          -282.664697          0.923215                0.227672
338                          27.951531          72.166232          0.363425                0.279544
339                          -17.481500          354.140092          0.659253                0.411815
340                          292.245393          -20.383256          0.603125                0.419253
341                          -231.334775          -220.343279          0.038358                0.517361
342                          175.003391          -39.092336          0.452016                0.992795
343                          -19.373998          8.451982          0.019566                0.532481
344                          66.905975          106.378886          0.680925                0.881733
345                          93.677581          -71.954045          0.497333                0.846854
346                          220.391430          80.747709          0.675562                0.625872
347                          76.196018          -304.758385          0.435390                0.553535
348                          161.737849          -180.368936          0.577137                0.064810
349                          668.087409          -234.372783          0.475290                0.034073
350                          204.123501          -215.597343          0.300238                0.621308
351                          -427.587393          -53.813832          0.403435                0.260603
352                          140.346695          -345.512494          0.550578                0.596701
353                          -312.801732          251.234285          0.457849                0.708226
354                          -165.375978          532.849033          0.798672                0.304221
355                          -8.046105          219.837951          0.961354                0.136399
356                          297.301971          -225.911575          0.510402                0.808169
357                          -14.002052          -199.777699          0.918728                0.748028
358                          -1.926164          131.148802          0.861096                0.984064
359                          174.404760          -155.907199          0.079354                0.599056
360                          -293.752908          207.282446          0.220064                0.011218
361                          -235.176661          253.732629          0.349306                0.911825
362                          -272.937094          -315.738729          0.723706                0.116085
363                          -54.181153          -250.393812          0.086586                0.065443
364                          -695.550902          -291.536391          0.872230                0.376384
365                          -199.656418          -93.451380          0.776258                0.465927
366                          295.125063          382.715018          0.183517                0.390348
367                          -169.194178          -100.281172          0.174448                0.364447
368                          270.062072          -226.041333          0.877116                0.470187
369                          759.748969          54.802142          0.791243                0.099836
370                          457.149769          -56.117908          0.211983                0.560067
371                          -52.935551          62.670102          0.715847                0.715085
372                          442.044293          232.986762          0.304159                0.451594
373                          232.788610          -140.725339          0.380709                0.675350
374                          237.155614          -252.417673          0.781207                0.721981
375                          55.387165          -663.660870          0.618499                0.398810
376                          -66.471615          172.337117          0.160844                0.639713
377                          157.072142          72.264590          0.874639                0.719877
378                          -136.297844          173.512812          0.199082                0.551129
379                          178.921252          -137.513307          0.210107                0.536774
380                          231.305623          145.619963          0.712969                0.161861
381                          -29.617609          -129.577438          0.086281                0.698968
382                          -355.870674          -52.250705          0.567013                0.596154
383                          -290.612837          -235.157722          0.605684                0.218206
384                          -104.622371          -492.745101          0.459854                0.210431
385                          429.309689          -332.221325          0.943407                0.829806
386                          -121.933148          176.987376          0.354122                0.347396
387                          314.764630          -376.139053          0.491838                0.793426
388                          234.084890          206.044295          0.231453                0.584702
389                          94.132930          -111.743049          0.523482                0.957790
390                          -194.141681          226.206293          0.614385                0.752379
391                          410.543535          299.750676          0.805021                0.721637
392                          -131.764911          -72.434230          0.662867                0.189026
393                          150.979481          -181.770183          0.696471                0.662920
394                          -39.847566          15.594108          0.806320                0.659050
395                          76.797377          -451.782661          0.481812                0.762290
396                          -267.886424          308.441969          0.252202                0.569547
397                          59.551518          49.732711          0.256516                0.575288
398                          -23.110978          -27.997466          0.002230                0.915869
399                          250.112301          -103.828594          0.561737                0.834079
