Particle_Number_idendity     vx(m/s)           vy(m/s)          position_x(m)       position_y(m) 
0                          121.136081          -478.587426          0.163852                0.575473
1                          -4.061637          -254.838508          0.077766                0.585723
2                          -175.214427          127.364464          0.288074                0.644661
3                          -0.071202          -274.607811          0.325477                0.408122
4                          471.299191          -336.832091          0.392667                0.810995
5                          64.628701          149.101207          0.259863                0.444506
6                          -88.319609          91.239794          0.416482                0.626771
7                          130.571307          557.010455          0.709303                0.207677
8                          -96.602108          153.275326          0.662864                0.310675
9                          123.228762          423.356964          0.662768                0.474025
10                          -162.198163          -490.432294          0.514352                0.248843
11                          269.904745          460.600777          0.437658                0.253010
12                          86.983584          397.887321          0.796156                0.136594
13                          -241.492392          -143.335138          0.212564                0.775957
14                          -238.363641          20.454579          0.053432                0.776972
15                          6.069092          38.434917          0.188101                0.214872
16                          -22.965439          -192.795158          0.038017                0.090848
17                          -489.278463          387.181801          0.821591                0.539262
18                          19.524196          91.937801          0.699020                0.443071
19                          232.165182          -307.329193          0.169554                0.857344
20                          -93.009139          37.080400          0.099659                0.292480
21                          -279.515513          401.203289          0.160711                0.287034
22                          126.762319          36.116360          0.778492                0.162390
23                          -193.954969          -241.590868          0.948210                0.822619
24                          -300.554306          -320.270982          0.070911                0.041790
25                          -152.684112          -211.735617          0.885250                0.127270
26                          -159.448752          624.980607          0.964545                0.362059
27                          20.964047          -109.601130          0.862930                0.769951
28                          136.351092          117.411386          0.211617                0.831175
29                          -54.926955          109.189840          0.648243                0.063969
30                          289.483852          0.320576          0.231783                0.969983
31                          -225.568084          -459.266172          0.788824                0.132675
32                          315.542678          63.462566          0.136727                0.042006
33                          51.467754          95.402306          0.039865                0.669496
34                          16.326161          -94.278681          0.412358                0.129962
35                          105.058801          201.704227          0.009693                0.094760
36                          -82.053314          -0.805689          0.556943                0.532852
37                          -94.460049          233.365116          0.786367                0.922815
38                          430.503558          -281.945463          0.530826                0.603589
39                          -81.742924          115.347903          0.644732                0.125558
40                          129.832521          3.406051          0.123882                0.213124
41                          -44.662316          -187.438064          0.912173                0.558372
42                          -138.446886          443.375059          0.854864                0.603525
43                          37.401730          -254.267259          0.838769                0.673328
44                          154.702045          1.202243          0.719371                0.926477
45                          260.302708          -190.955440          0.153581                0.094150
46                          538.496857          256.055658          0.773200                0.225079
47                          -160.573065          -400.999040          0.810879                0.198278
48                          300.652098          74.723517          0.997233                0.697074
49                          141.388404          -117.280781          0.714217                0.853120
50                          250.476967          183.813550          0.396199                0.499267
51                          405.804419          -48.764611          0.556071                0.649017
52                          168.109506          60.525112          0.459839                0.176931
53                          440.167755          100.187960          0.474293                0.241477
54                          107.175326          434.776577          0.881918                0.204558
55                          201.804111          -13.425550          0.303959                0.829908
56                          -16.546667          -189.785165          0.213917                0.667491
57                          -427.902620          314.356664          0.867184                0.574247
58                          -220.613695          -310.561628          0.567463                0.273444
59                          140.121937          117.392817          0.206913                0.059362
60                          695.695520          81.643197          0.078698                0.918071
61                          -140.410494          156.741059          0.223543                0.215272
62                          -14.468233          142.768074          0.867222                0.724736
63                          6.193912          119.785463          0.707965                0.459664
64                          240.942651          22.288154          0.333385                0.269357
65                          42.793830          74.440410          0.732374                0.432674
66                          -57.510161          177.854822          0.545179                0.130341
67                          398.983004          18.045509          0.557633                0.250143
68                          23.178811          -106.217447          0.106151                0.881744
69                          -21.612820          340.014125          0.910394                0.731274
70                          -127.649724          -145.731767          0.172610                0.427065
71                          -206.584732          -143.879351          0.440109                0.894721
72                          395.188883          165.747395          0.981503                0.781248
73                          231.789137          111.494665          0.299148                0.102602
74                          241.203634          4.489122          0.163634                0.016463
75                          -161.114623          -24.993486          0.260970                0.572205
76                          -375.712033          -268.182109          0.435363                0.217344
77                          -56.267533          -19.997807          0.276515                0.348859
78                          -98.680154          -54.008535          0.552200                0.886177
79                          262.094331          364.348033          0.405525                0.736273
80                          46.191381          -119.111301          0.831805                0.268447
81                          -609.729760          89.719771          0.202797                0.151243
82                          539.309259          -163.625570          0.987061                0.883813
83                          305.080301          -211.145573          0.700941                0.527228
84                          114.822679          71.800027          0.805364                0.545068
85                          178.005395          -364.816015          0.105316                0.472307
86                          -459.857640          -192.382314          0.636225                0.367446
87                          240.952497          285.197329          0.882779                0.990668
88                          -114.473007          -274.750916          0.510142                0.868325
89                          129.798142          302.138202          0.607482                0.248700
90                          467.713704          -278.382741          0.627881                0.841845
91                          -686.730796          30.635855          0.579176                0.144743
92                          160.242492          329.650316          0.608639                0.127532
93                          103.470507          315.074063          0.742754                0.003311
94                          35.171561          233.409646          0.611802                0.098927
95                          -176.735067          -170.047873          0.694898                0.101629
96                          150.743051          402.156072          0.557883                0.506855
97                          20.901815          -91.746410          0.787906                0.785198
98                          -9.726105          -9.391532          0.035029                0.888680
99                          -52.437618          -409.258877          0.653873                0.554986
100                          -80.418320          -105.880856          0.971488                0.090863
101                          -276.708708          -415.968036          0.676714                0.063403
102                          297.240860          300.885169          0.681342                0.606020
103                          -164.901737          107.917050          0.947801                0.742245
104                          164.682525          -368.051293          0.686412                0.629610
105                          66.519189          -360.618573          0.369628                0.045921
106                          -119.302172          -63.389738          0.295983                0.790561
107                          331.944766          258.246517          0.432126                0.594880
108                          -372.797299          84.359744          0.946127                0.282409
109                          274.433221          275.492008          0.496676                0.084645
110                          112.520356          -125.337141          0.600301                0.416493
111                          -48.076100          9.481369          0.047155                0.247603
112                          -145.426826          -35.264221          0.082614                0.033306
113                          -266.997792          393.293882          0.122325                0.615451
114                          197.695968          29.847498          0.495851                0.698415
115                          235.876297          -235.415068          0.638850                0.741117
116                          -61.101243          -91.046391          0.018710                0.610509
117                          -283.592964          -206.211538          0.200281                0.507800
118                          -111.005516          -120.072919          0.974853                0.404980
119                          -54.425475          -88.443568          0.975885                0.417088
120                          -376.211759          -320.233699          0.647618                0.672249
121                          -104.224244          98.166859          0.374896                0.580759
122                          235.480302          287.201883          0.967682                0.215416
123                          -243.346729          -176.285047          0.261076                0.725746
124                          86.674517          -156.561024          0.657827                0.046587
125                          284.500626          110.304763          0.547623                0.727959
126                          -199.823476          126.391897          0.027497                0.015672
127                          -382.476434          -199.280553          0.797000                0.893725
128                          411.086781          291.096468          0.684134                0.882105
129                          -325.334981          -42.724132          0.039331                0.521111
130                          17.930558          244.621283          0.972973                0.086349
131                          -215.521155          -45.386039          0.304906                0.688858
132                          -140.336671          -651.866974          0.689257                0.218783
133                          292.376591          90.580366          0.766294                0.964027
134                          -100.261974          254.526618          0.780412                0.123964
135                          -184.335426          314.974612          0.806713                0.037112
136                          -176.334716          -131.989781          0.436310                0.332104
137                          -235.489786          -73.396413          0.256327                0.616575
138                          4.496268          157.278621          0.403523                0.630210
139                          199.189405          -39.161426          0.240850                0.908943
140                          -31.612527          -221.616327          0.282398                0.831016
141                          -339.431945          242.442324          0.382368                0.291508
142                          -144.037327          224.812967          0.404090                0.762660
143                          -365.268684          176.625167          0.895606                0.975623
144                          235.638394          213.626420          0.791904                0.845896
145                          284.176844          -191.879493          0.426383                0.627821
146                          151.712364          -15.668080          0.853929                0.835559
147                          482.985452          -221.089612          0.968434                0.489564
148                          -145.500381          -473.902857          0.138186                0.365188
149                          121.758365          248.124973          0.670411                0.295593
150                          214.182028          362.576806          0.597831                0.790896
151                          1.136960          -274.896897          0.613414                0.085901
152                          -318.341799          261.285586          0.331953                0.871992
153                          258.506736          246.037519          0.933387                0.761124
154                          -149.429987          -15.483375          0.449601                0.357995
155                          -241.948575          67.508412          0.416220                0.415717
156                          40.473824          -287.153349          0.915934                0.175269
157                          85.567009          -385.334198          0.806072                0.719605
158                          -201.496617          117.799919          0.982058                0.106987
159                          43.546645          100.064594          0.010671                0.147693
160                          72.229526          -127.233376          0.733613                0.726973
161                          -114.039101          -258.492651          0.418555                0.113355
162                          223.271219          200.657784          0.413047                0.712189
163                          -237.343193          -47.927379          0.491569                0.701064
164                          309.322832          147.231794          0.718694                0.120725
165                          -92.388327          4.258568          0.787063                0.478991
166                          363.149890          -153.448154          0.619448                0.375571
167                          33.625817          430.270006          0.910379                0.458600
168                          -131.521259          403.029723          0.056891                0.679769
169                          27.659886          66.573176          0.387486                0.106414
170                          -160.303502          77.716621          0.533964                0.263811
171                          90.798212          307.658377          0.156949                0.757268
172                          215.478665          -157.565990          0.784070                0.650119
173                          -55.662302          276.058190          0.389632                0.427589
174                          -112.123051          310.660164          0.435531                0.341745
175                          206.557463          -256.296709          0.189867                0.497725
176                          185.076855          -443.713299          0.427072                0.625312
177                          -106.602924          108.318311          0.873051                0.176765
178                          -103.844936          -92.445901          0.905875                0.242023
179                          -252.582506          -11.622771          0.528096                0.863161
180                          45.988308          202.671120          0.917479                0.843436
181                          -185.111007          277.287031          0.009585                0.041974
182                          -100.253947          33.827231          0.713069                0.892564
183                          -34.909029          -178.002034          0.662237                0.829591
184                          80.488731          -177.978592          0.414872                0.025624
185                          -248.350021          -169.904555          0.906435                0.463465
186                          -127.208580          183.848580          0.811335                0.755777
187                          -211.181944          -524.734413          0.978116                0.305893
188                          249.412294          241.339646          0.158236                0.424209
189                          298.345470          534.462921          0.584695                0.895410
190                          268.932222          -265.406572          0.416021                0.244520
191                          -447.688063          85.705264          0.606472                0.989505
192                          49.653739          -219.983242          0.953837                0.351214
193                          -401.041451          -128.873934          0.802269                0.571649
194                          426.858623          -17.908754          0.587873                0.416748
195                          -11.788598          166.243222          0.211392                0.794699
196                          -92.216723          -80.939692          0.837502                0.995404
197                          402.356484          -110.722475          0.456181                0.908460
198                          -62.418267          -317.243990          0.412345                0.878454
199                          393.102294          304.683883          0.911995                0.257878
200                          118.139370          38.312428          0.566592                0.213379
201                          -272.150940          33.273708          0.848922                0.358551
202                          -48.985233          -29.672157          0.849299                0.627742
203                          71.395925          173.820139          0.112169                0.062656
204                          -253.912339          179.496715          0.655343                0.385238
205                          -261.352792          -87.433060          0.458991                0.963873
206                          344.528621          186.811806          0.706656                0.776356
207                          -123.594777          -164.811198          0.876571                0.506459
208                          -15.517839          197.136062          0.617909                0.697252
209                          -29.486111          -176.345335          0.766943                0.955064
210                          -164.763302          441.022019          0.974033                0.515721
211                          -35.376132          -315.317361          0.926493                0.524109
212                          -37.736113          -51.114336          0.768224                0.154525
213                          15.104237          467.270774          0.015066                0.097472
214                          -41.436516          211.968259          0.893062                0.618503
215                          150.499451          38.013617          0.434261                0.581683
216                          -111.452571          -260.858753          0.723597                0.468592
217                          -7.004508          -183.131026          0.940628                0.155230
218                          -258.570855          -594.309669          0.655753                0.565285
219                          -153.577999          -320.158643          0.652232                0.188498
220                          337.346153          -248.996356          0.926100                0.373595
221                          2.915500          -126.146046          0.917450                0.090214
222                          -281.405867          -376.765330          0.415689                0.161304
223                          -330.788650          396.251164          0.651215                0.648715
224                          104.244958          122.012297          0.874311                0.771862
225                          59.275197          202.240646          0.205815                0.132598
226                          -187.627815          2.851260          0.751992                0.078832
227                          -47.294811          -121.923494          0.399681                0.080734
228                          -26.033855          243.333320          0.039291                0.924414
229                          292.725162          -19.202805          0.014434                0.730350
230                          -20.078264          -71.895431          0.483845                0.594087
231                          -206.439443          166.962585          0.473916                0.619742
232                          106.246992          101.868518          0.717064                0.862753
233                          -3.732729          30.663009          0.817579                0.731909
234                          199.783168          -88.667484          0.818192                0.319668
235                          -103.845864          -179.920328          0.703024                0.595984
236                          -299.624233          70.542916          0.549574                0.811185
237                          -149.910587          120.435471          0.487113                0.446194
238                          -96.017439          273.969049          0.244837                0.171379
239                          210.160599          -15.353424          0.193819                0.136537
240                          -505.732628          -56.531131          0.172968                0.735523
241                          -243.011171          56.171038          0.616265                0.116511
242                          -244.735466          -333.001265          0.987052                0.067824
243                          21.107511          -372.309704          0.755101                0.500199
244                          -263.305937          -38.272294          0.491461                0.962166
245                          375.145368          393.075268          0.069141                0.450776
246                          -353.287694          0.283443          0.532033                0.515495
247                          231.618119          -45.577463          0.706020                0.417011
248                          76.318868          -492.436543          0.980752                0.581674
249                          -90.517429          154.248254          0.337175                0.575506
250                          -313.875256          124.900451          0.196876                0.586477
251                          83.820436          -14.752630          0.614814                0.291570
252                          95.809556          -50.838957          0.161854                0.722927
253                          313.166064          -304.309886          0.872480                0.911541
254                          474.032457          88.595069          0.582804                0.701293
255                          32.783585          276.408742          0.187866                0.969537
256                          -97.370017          -576.575130          0.531801                0.473690
257                          -258.640373          -189.267649          0.716399                0.525038
258                          62.399446          -154.420116          0.417360                0.298202
259                          -228.310484          104.506774          0.584677                0.663315
260                          614.975838          -146.815706          0.056784                0.782000
261                          -309.934822          -190.465602          0.868132                0.116278
262                          14.972544          -292.709898          0.663577                0.718613
263                          -70.593409          29.696108          0.250536                0.848682
264                          -58.216209          -121.861002          0.621477                0.682035
265                          81.395794          -133.311252          0.648427                0.745487
266                          -142.238735          543.333314          0.273858                0.329013
267                          -76.231251          256.978439          0.644054                0.964742
268                          8.224324          88.914093          0.571249                0.723588
269                          -88.936074          172.089186          0.775712                0.075367
270                          -132.785420          201.969065          0.190747                0.547098
271                          -106.767502          -46.985224          0.935025                0.816491
272                          0.918305          -315.048627          0.847056                0.984160
273                          324.688865          571.879823          0.051122                0.671278
274                          -99.022168          -324.224763          0.878569                0.531565
275                          92.030342          332.040718          0.906945                0.466530
276                          -262.867738          88.213902          0.795434                0.959790
277                          -132.560922          550.873704          0.695836                0.734338
278                          -319.493148          -113.087194          0.380246                0.225958
279                          203.665451          501.404110          0.002716                0.504373
280                          27.118614          -127.965386          0.513474                0.770559
281                          -24.858149          201.880677          0.213565                0.012150
282                          -221.940400          162.255028          0.519321                0.215085
283                          310.596123          524.921386          0.255456                0.454401
284                          94.004974          49.794201          0.965630                0.343875
285                          -350.162466          146.921359          0.455532                0.615151
286                          -577.448225          -82.626223          0.107633                0.821809
287                          -46.607593          155.940879          0.311660                0.584162
288                          -331.645772          -65.867428          0.569177                0.906689
289                          -413.581968          -509.110746          0.063648                0.761186
290                          419.155572          278.211986          0.945831                0.589926
291                          641.127408          -234.702746          0.649396                0.845772
292                          -97.964471          75.686523          0.179491                0.225770
293                          2.782106          -20.277599          0.683638                0.800816
294                          206.360600          94.722677          0.107178                0.490783
295                          88.327598          76.662503          0.318957                0.583834
296                          82.765215          52.993199          0.563745                0.958244
297                          -600.860947          313.487146          0.065100                0.375544
298                          -173.001798          -238.945361          0.071242                0.108547
299                          104.015689          -159.198281          0.779981                0.698245
300                          -229.521356          -36.499734          0.982976                0.018871
301                          113.275925          154.131508          0.449160                0.526908
302                          159.519014          99.495782          0.505280                0.770977
303                          264.251866          200.754862          0.819332                0.458395
304                          84.667585          80.779919          0.486698                0.278594
305                          -73.409207          -567.641973          0.374589                0.303815
306                          26.878325          -622.999196          0.392400                0.357274
307                          73.563129          109.960292          0.124175                0.490549
308                          -207.896250          -104.638050          0.033281                0.734130
309                          -214.906175          -19.349187          0.078976                0.347178
310                          -214.253330          245.191263          0.665020                0.094056
311                          166.673494          -80.109940          0.185174                0.845065
312                          144.966682          -455.470867          0.703112                0.308193
313                          -46.937559          -38.040402          0.593559                0.447466
314                          119.308850          172.073288          0.636711                0.145888
315                          -174.099971          26.734465          0.955546                0.810077
316                          -424.196064          34.510163          0.720594                0.982201
317                          -268.094531          -108.496249          0.898663                0.887794
318                          -450.533224          -193.057181          0.963365                0.476240
319                          -105.334454          -119.396542          0.959392                0.866347
320                          -201.711288          80.177806          0.218446                0.870519
321                          -239.206285          -200.609363          0.581083                0.434779
322                          155.216338          42.769622          0.029565                0.986500
323                          -71.003905          -77.776927          0.725795                0.087261
324                          288.181084          -197.885524          0.276710                0.750737
325                          -17.340745          57.088656          0.153325                0.860406
326                          -231.712385          231.480206          0.046007                0.571705
327                          424.413574          373.138822          0.280211                0.664008
328                          109.332620          -241.097805          0.614074                0.862019
329                          83.659995          16.135190          0.544692                0.298976
330                          42.060412          -492.861936          0.343504                0.168984
331                          -389.184351          -90.126708          0.009859                0.617845
332                          503.536094          -169.465953          0.441824                0.393895
333                          201.871137          -388.762554          0.544619                0.040339
334                          192.759565          -37.345281          0.968405                0.666644
335                          -89.891527          -132.437129          0.262514                0.981978
336                          -129.267028          -30.488396          0.766631                0.191899
337                          285.139979          275.642915          0.307294                0.331060
338                          -662.537564          -60.750263          0.109989                0.744340
339                          74.892128          31.184641          0.172771                0.443775
340                          -138.600265          65.202274          0.999196                0.326337
341                          134.838115          169.592850          0.772898                0.030455
342                          35.228281          133.922507          0.311694                0.243320
343                          183.701357          -39.060872          0.326508                0.426641
344                          391.744742          -187.249525          0.406015                0.472867
345                          -90.904789          292.744099          0.677441                0.958203
346                          -328.163036          -90.476603          0.925196                0.545969
347                          321.277033          67.385206          0.414373                0.496531
348                          -326.672600          -47.882838          0.143181                0.321058
349                          -209.137264          97.524880          0.856999                0.335513
350                          -278.338487          -170.849048          0.708442                0.025151
351                          -208.117264          -5.226286          0.697241                0.210666
352                          117.264569          65.128223          0.189111                0.860748
353                          -231.257305          334.926221          0.466272                0.562098
354                          -214.419319          475.540245          0.075587                0.757462
355                          -91.687171          63.706471          0.132475                0.840630
356                          262.153117          167.957158          0.317331                0.302281
357                          -141.993267          74.709332          0.863402                0.779771
358                          -222.772366          -118.372356          0.594753                0.003040
359                          -121.060911          76.206892          0.942961                0.893579
360                          -385.701580          -1.781346          0.231416                0.973030
361                          -39.885440          70.716428          0.281586                0.119487
362                          -510.789836          -123.844978          0.280252                0.183600
363                          460.979019          -490.715290          0.618969                0.635268
364                          378.181375          218.511375          0.666764                0.331835
365                          -248.301866          -39.947633          0.242829                0.202028
366                          135.046151          -424.005996          0.016098                0.926239
367                          -454.410216          177.549494          0.786652                0.386765
368                          311.455841          339.502587          0.506742                0.508739
369                          -159.636363          -165.268124          0.550079                0.978503
370                          296.445091          250.622965          0.124187                0.769987
371                          578.352980          -43.187773          0.769739                0.652847
372                          6.218704          -411.485715          0.580157                0.165524
373                          67.020978          -106.962347          0.339424                0.567457
374                          -221.392632          119.785516          0.484281                0.158648
375                          249.790540          213.289507          0.577587                0.811368
376                          -111.674092          -153.982074          0.741617                0.816514
377                          118.901181          -20.221883          0.871000                0.475509
378                          -73.793760          317.651144          0.007577                0.765527
379                          -56.641858          -69.653970          0.257353                0.778111
380                          399.838070          519.532414          0.233901                0.434753
381                          -184.870701          38.298083          0.105839                0.778886
382                          47.676840          -92.804418          0.131568                0.209977
383                          140.217350          -353.212099          0.664111                0.871025
384                          -233.492912          94.088098          0.344284                0.102054
385                          205.483219          312.975292          0.933556                0.911716
386                          -282.782523          -217.383328          0.870330                0.914233
387                          90.739074          18.350218          0.447614                0.134798
388                          -283.794950          153.976235          0.683748                0.783555
389                          -73.131779          508.672137          0.275543                0.897438
390                          136.974043          20.093150          0.137046                0.887781
391                          7.095222          408.973009          0.909508                0.085988
392                          608.276187          110.078858          0.730106                0.443927
393                          -20.119330          299.695683          0.561326                0.221732
394                          42.992968          -155.352660          0.314625                0.557472
395                          30.369361          298.146051          0.946424                0.037623
396                          72.478359          334.109742          0.551190                0.861884
397                          -211.144657          683.155249          0.092057                0.536755
398                          -290.817803          23.583846          0.287574                0.391761
399                          130.104889          -149.434189          0.859883                0.643564
