Particle_Number_idendity     vx(m/s)           vy(m/s)          position_x(m)       position_y(m) 
0                          -199.803465          -50.528477          0.196907                0.032371
1                          198.507714          312.933946          0.647280                0.276577
2                          276.498594          144.099771          0.803562                0.240315
3                          -220.393310          -63.615337          0.949069                0.896475
4                          462.241373          -41.429115          0.532994                0.372897
5                          133.484342          191.216887          0.050252                0.547340
6                          233.017030          134.954137          0.930736                0.764429
7                          -20.369067          -33.557150          0.340752                0.368300
8                          193.333487          162.703030          0.438830                0.935279
9                          125.502643          778.154401          0.726108                0.116818
10                          36.520946          -83.934208          0.666906                0.381415
11                          -302.154494          -127.361488          0.664931                0.300799
12                          -92.260980          -39.543361          0.329763                0.167821
13                          108.282272          367.152119          0.613359                0.799511
14                          107.179313          -203.135985          0.413227                0.004394
15                          130.813212          -395.870607          0.538883                0.880688
16                          -369.059411          -569.090211          0.254949                0.153222
17                          -40.066972          -98.435325          0.307360                0.841105
18                          -246.798309          139.934493          0.449773                0.714293
19                          -63.166675          -271.560631          0.469392                0.179811
20                          103.708537          158.317080          0.978313                0.159036
21                          5.970827          -375.567268          0.962324                0.310525
22                          189.596858          -484.075225          0.262292                0.185837
23                          -298.859289          122.935844          0.099394                0.238324
24                          -28.951730          131.006484          0.380232                0.400696
25                          -64.326176          558.267521          0.735214                0.650310
26                          172.100372          141.980807          0.088728                0.909059
27                          0.935874          -438.491418          0.237433                0.991853
28                          -450.219028          -59.396559          0.079352                0.690305
29                          -308.630814          131.955385          0.015549                0.917402
30                          95.222198          221.824524          0.903968                0.004817
31                          62.001333          17.020549          0.305631                0.045943
32                          193.904248          218.406921          0.898844                0.633678
33                          514.655978          -241.582953          0.773207                0.420336
34                          640.619280          152.746499          0.998073                0.852885
35                          -35.169522          -333.213449          0.062754                0.980224
36                          -514.848618          52.070105          0.686881                0.634043
37                          409.981147          -449.899477          0.871193                0.208932
38                          138.515661          333.161934          0.253227                0.947678
39                          -61.053907          -261.613206          0.104994                0.384316
40                          372.809769          -279.602883          0.953944                0.124743
41                          446.613074          -189.712046          0.122032                0.623394
42                          259.757882          -31.757621          0.615393                0.309799
43                          -0.549400          -115.228166          0.784100                0.223536
44                          -106.471796          -243.065693          0.683885                0.235089
45                          -224.885275          -76.040630          0.015969                0.716697
46                          212.021992          -144.148228          0.462980                0.953744
47                          -354.496283          147.178209          0.979610                0.303976
48                          -170.139941          196.088411          0.101152                0.512637
49                          -318.722911          211.497000          0.427522                0.539888
50                          -117.079589          -86.048492          0.405624                0.351038
51                          -287.376336          -328.922420          0.513689                0.862131
52                          96.927054          157.210420          0.859731                0.263678
53                          67.795317          156.956691          0.324899                0.473659
54                          12.072421          -148.268688          0.696910                0.981914
55                          430.123113          45.447329          0.659863                0.776265
56                          161.895520          -307.203885          0.229341                0.497607
57                          407.043144          -44.470108          0.885277                0.251369
58                          -116.607223          271.045779          0.262314                0.917515
59                          11.822022          281.957044          0.595429                0.602231
60                          -467.312614          129.514168          0.586882                0.884113
61                          84.259772          24.657209          0.116630                0.995443
62                          587.076838          -447.094039          0.040083                0.345334
63                          -78.146820          214.772285          0.965600                0.207144
64                          383.771870          17.188126          0.434764                0.592790
65                          -265.730482          166.542594          0.086756                0.100477
66                          104.491370          -85.909161          0.109745                0.279322
67                          -53.292442          -62.021878          0.321235                0.900394
68                          36.321787          284.859667          0.901722                0.501529
69                          -14.336605          440.042931          0.612869                0.730451
70                          -300.115950          138.488907          0.506806                0.382539
71                          -83.711804          21.324780          0.068458                0.634322
72                          257.060575          -599.354664          0.441772                0.505808
73                          864.425085          227.741223          0.121853                0.714993
74                          22.088009          184.392958          0.465184                0.309628
75                          -63.250699          -15.777726          0.374435                0.767207
76                          178.203005          51.769048          0.057197                0.329351
77                          -147.652119          -63.726850          0.495879                0.344713
78                          305.343841          233.732667          0.531322                0.369505
79                          -146.496433          -103.993391          0.748593                0.452998
80                          -36.723510          121.454421          0.439689                0.859314
81                          -59.177518          120.980220          0.954203                0.186382
82                          -414.095846          175.497857          0.353971                0.155486
83                          205.787049          116.329177          0.394550                0.375354
84                          116.855950          58.914263          0.780734                0.222699
85                          298.663895          -147.105177          0.715584                0.529726
86                          -115.917446          -12.858156          0.564145                0.275321
87                          -359.705900          277.547681          0.966120                0.147478
88                          -347.950035          226.440262          0.376248                0.626666
89                          224.954370          16.947103          0.763241                0.831792
90                          -12.721501          -3.383614          0.760292                0.162066
91                          -706.876126          21.363929          0.294409                0.527206
92                          -56.392020          -24.891345          0.894751                0.838598
93                          192.734856          -45.054434          0.707124                0.923355
94                          219.477600          -300.128447          0.241399                0.847556
95                          240.999137          -119.438557          0.870392                0.737304
96                          -127.846769          335.630959          0.905139                0.433358
97                          2.755007          -206.121512          0.411988                0.279512
98                          -120.681493          -120.560591          0.462010                0.896789
99                          -94.464512          -181.160083          0.355195                0.100290
100                          -212.841440          -88.242952          0.481049                0.973233
101                          -183.641974          -4.367422          0.283276                0.134538
102                          -40.449114          49.468320          0.253070                0.284818
103                          103.392032          -8.630655          0.246222                0.162626
104                          184.944156          -214.511913          0.538003                0.944712
105                          98.275128          -26.900545          0.006914                0.159045
106                          206.468618          39.895969          0.254169                0.155862
107                          73.551591          -278.366742          0.549259                0.072670
108                          -75.211486          96.540974          0.673442                0.719379
109                          -22.282754          328.706493          0.092322                0.503130
110                          46.971130          -187.711153          0.006886                0.106046
111                          15.109206          25.797356          0.999613                0.853500
112                          -294.072348          254.823128          0.940052                0.192322
113                          -184.481286          87.662548          0.849749                0.030925
114                          -107.715346          -317.784475          0.858107                0.305385
115                          -90.615821          -279.108114          0.785699                0.015244
116                          -334.748091          294.476414          0.777347                0.885773
117                          225.000066          400.108256          0.228537                0.462878
118                          -93.163801          278.451921          0.814103                0.772981
119                          368.182102          279.879598          0.406138                0.964621
120                          -15.039484          248.213343          0.722439                0.191777
121                          85.284310          29.143384          0.278850                0.710900
122                          -274.844349          -197.941410          0.315214                0.813334
123                          -336.646811          -45.884628          0.855736                0.056318
124                          9.499346          199.188850          0.404275                0.250609
125                          -131.439443          -224.197078          0.882976                0.465175
126                          -175.296416          57.160316          0.047570                0.741873
127                          171.319870          -2.590242          0.996799                0.260316
128                          134.810455          37.928774          0.972655                0.883144
129                          47.031824          122.635904          0.157247                0.792247
130                          290.840447          -186.075561          0.912554                0.995422
131                          44.724483          67.413691          0.523987                0.044099
132                          -401.819914          190.401262          0.419764                0.104481
133                          -244.875239          351.169197          0.389736                0.947712
134                          137.518205          41.438352          0.724705                0.284908
135                          213.887584          162.871613          0.786645                0.795577
136                          115.379518          -350.744062          0.403690                0.340560
137                          -89.581446          372.792688          0.799642                0.131997
138                          -362.156844          -8.432188          0.450909                0.197249
139                          90.735939          -289.787183          0.919591                0.037788
140                          133.580370          286.626060          0.526767                0.433482
141                          -480.511139          39.198988          0.506035                0.273209
142                          405.612834          -168.031455          0.689165                0.466242
143                          -276.671067          322.948223          0.413756                0.228122
144                          154.673768          131.747088          0.770462                0.394157
145                          8.841370          37.111881          0.730174                0.348282
146                          -323.566385          57.269875          0.829749                0.155984
147                          -525.071081          -183.022065          0.118310                0.316224
148                          57.746832          -182.595650          0.221069                0.141157
149                          -333.747323          340.827465          0.499357                0.610221
150                          -189.846749          61.096011          0.414649                0.259306
151                          -284.001716          -21.942363          0.332632                0.214298
152                          528.537878          -133.227335          0.213445                0.922831
153                          -256.172703          197.521039          0.631908                0.223217
154                          -96.851435          -45.113871          0.093434                0.306298
155                          153.951666          215.588212          0.252398                0.825980
156                          77.823503          110.468958          0.012272                0.373780
157                          408.702311          -572.161787          0.105267                0.534692
158                          39.808730          20.737426          0.079936                0.429663
159                          47.365015          -250.644747          0.370878                0.833877
160                          -284.865130          -132.861296          0.187632                0.410047
161                          232.596643          46.358397          0.276884                0.804886
162                          -289.946810          11.844309          0.241102                0.921105
163                          280.647702          433.415326          0.426227                0.434540
164                          -542.424009          -1.886744          0.165021                0.054126
165                          86.093849          388.441183          0.054465                0.418971
166                          -216.390580          724.049287          0.431388                0.956826
167                          -92.037575          76.330945          0.032357                0.541820
168                          -18.241433          -84.316179          0.122375                0.620484
169                          -71.356203          310.651649          0.999061                0.781349
170                          223.429694          -725.809683          0.327177                0.321295
171                          -335.169203          -34.709573          0.573988                0.305889
172                          117.483205          150.676410          0.437262                0.938787
173                          76.745144          -25.051208          0.394244                0.237517
174                          575.689182          -186.995425          0.699741                0.820160
175                          74.585130          -4.270984          0.956964                0.794186
176                          -36.251264          74.726873          0.247717                0.788136
177                          -75.293364          72.037573          0.509254                0.054385
178                          260.170485          -166.613906          0.322644                0.247794
179                          -295.093749          85.608262          0.794701                0.439522
180                          -63.937369          150.131615          0.892984                0.542747
181                          -364.304364          -111.459343          0.342861                0.313556
182                          130.518911          218.763347          0.338118                0.615677
183                          -252.146581          -273.461501          0.171957                0.318907
184                          -178.152796          -280.017240          0.033764                0.088290
185                          256.952866          -290.036597          0.539852                0.767634
186                          227.675027          -139.957073          0.595496                0.015153
187                          -528.689555          -2.597388          0.192109                0.936286
188                          472.654414          227.073029          0.882634                0.516415
189                          304.931394          198.942945          0.046862                0.341827
190                          -373.219564          161.499822          0.536564                0.764136
191                          -6.339923          44.979464          0.548315                0.963466
192                          142.626868          -133.505168          0.961239                0.428649
193                          -174.943377          31.698310          0.559635                0.569529
194                          54.948857          -642.787976          0.859648                0.854250
195                          79.347738          -278.048568          0.107177                0.074564
196                          111.089439          51.293454          0.076220                0.454521
197                          18.601884          -76.943089          0.973007                0.767751
198                          95.479000          165.252800          0.815904                0.432872
199                          47.739412          -61.691763          0.641958                0.398357
200                          0.531795          320.450628          0.377354                0.475594
201                          285.284054          460.000052          0.733906                0.932033
202                          -39.920709          242.184015          0.223482                0.067990
203                          -91.502279          -682.343527          0.381008                0.122330
204                          -330.371182          97.375246          0.215878                0.792610
205                          338.131377          -126.842827          0.744159                0.055989
206                          195.287020          -118.879283          0.707752                0.495517
207                          -10.801477          -568.855754          0.962772                0.551903
208                          -314.547405          -336.237036          0.000823                0.028779
209                          -22.702529          156.087841          0.454741                0.150623
210                          109.461994          113.357915          0.258945                0.901469
211                          7.645970          -351.799055          0.310256                0.346999
212                          30.992486          385.069537          0.442008                0.468619
213                          116.668031          -352.659715          0.808438                0.307176
214                          -94.365643          79.767525          0.915370                0.057931
215                          -277.830641          -103.292107          0.811292                0.921990
216                          -401.831904          64.405159          0.214868                0.045669
217                          -87.622254          -12.816517          0.088726                0.110642
218                          165.974347          126.022491          0.105446                0.781775
219                          -220.988233          -288.268360          0.174860                0.598622
220                          29.195166          204.301994          0.924478                0.181476
221                          -696.889511          -5.800413          0.674618                0.651779
222                          -297.747426          241.274019          0.085283                0.717759
223                          -68.235997          -209.533676          0.242814                0.662688
224                          413.648100          -92.323227          0.246391                0.703536
225                          -77.625349          140.974628          0.797982                0.471167
226                          -374.945347          78.685946          0.382472                0.210072
227                          182.172178          -108.379627          0.497525                0.404928
228                          199.830905          133.315103          0.835511                0.409123
229                          30.665685          269.925158          0.568150                0.034175
230                          -159.763897          -71.500216          0.120451                0.719777
231                          -556.686558          451.653575          0.456460                0.186641
232                          274.005938          470.552054          0.338896                0.336489
233                          -133.589499          -193.773241          0.234309                0.898122
234                          -60.581664          563.859794          0.009789                0.068256
235                          -287.616848          308.098399          0.492178                0.236951
236                          -496.079443          -325.453006          0.990439                0.723685
237                          -306.797048          -166.250793          0.066287                0.924260
238                          -486.245709          59.259018          0.869045                0.743720
239                          -121.420718          -128.570519          0.076450                0.591565
240                          -57.310916          108.747255          0.946894                0.589297
241                          -444.564962          -197.741497          0.097571                0.076480
242                          -113.652358          94.000011          0.367327                0.387288
243                          18.959500          -70.321384          0.471036                0.945907
244                          -396.595495          377.207752          0.632284                0.511765
245                          -56.296094          -78.285120          0.153377                0.537050
246                          61.488522          43.182988          0.632453                0.345778
247                          45.495699          287.823644          0.471865                0.665053
248                          108.061756          362.474386          0.095209                0.728378
249                          417.966594          -22.452247          0.555526                0.656035
250                          -193.423034          -132.300787          0.994109                0.000331
251                          91.347868          -8.537186          0.660685                0.874026
252                          230.235600          122.807980          0.760791                0.454286
253                          5.950457          176.057899          0.655333                0.545665
254                          315.328014          -533.421145          0.368180                0.373663
255                          231.558759          210.284439          0.934920                0.463207
256                          -144.121135          632.546759          0.926335                0.140010
257                          -155.586963          -140.991283          0.122758                0.210662
258                          138.811948          -17.060725          0.410127                0.652775
259                          56.135604          -214.835412          0.478230                0.194390
260                          -35.257225          30.856367          0.735212                0.243385
261                          -270.369961          31.309284          0.003941                0.059681
262                          -136.597987          -89.154007          0.010084                0.334592
263                          -34.384769          65.708307          0.053587                0.991727
264                          153.234516          -255.284195          0.686301                0.872608
265                          631.784865          40.554191          0.626683                0.859600
266                          206.476901          -150.536622          0.189305                0.992406
267                          -89.822012          91.203270          0.093077                0.962882
268                          29.030156          236.045844          0.973725                0.695524
269                          -81.672031          -89.274844          0.386793                0.786166
270                          -14.212756          -500.595084          0.238511                0.208174
271                          -432.922842          -40.608951          0.763952                0.503240
272                          -4.286587          -399.646399          0.126738                0.851095
273                          269.897313          -128.331188          0.345561                0.262835
274                          34.692958          -140.803974          0.604890                0.914371
275                          -320.672805          -90.205665          0.405012                0.659413
276                          -107.801183          -305.304042          0.034199                0.431884
277                          -372.051399          156.253159          0.964261                0.087584
278                          187.959605          -199.206550          0.189978                0.332586
279                          -8.620070          -96.308535          0.620680                0.661987
280                          -158.266499          324.002206          0.622965                0.747545
281                          86.832875          255.594929          0.368951                0.887203
282                          -95.422659          -186.839038          0.695110                0.424679
283                          -237.265434          127.033619          0.232855                0.739398
284                          416.695028          126.301748          0.638284                0.886548
285                          57.684795          -273.947717          0.631501                0.416592
286                          -291.826512          -176.331179          0.031809                0.043430
287                          314.153997          72.839399          0.246366                0.150050
288                          -144.573820          -335.248244          0.136247                0.375547
289                          100.967618          -390.122317          0.471558                0.114620
290                          225.094940          -45.657473          0.231470                0.278534
291                          -5.780817          -451.361476          0.532539                0.721731
292                          176.727084          -126.189911          0.584248                0.715202
293                          -139.485721          -100.104297          0.556146                0.951131
294                          -10.469766          58.840020          0.872601                0.712176
295                          -92.073283          -34.463284          0.312765                0.094812
296                          183.096146          54.485048          0.361174                0.789391
297                          245.595446          -34.209681          0.774496                0.235676
298                          256.286943          58.303549          0.320320                0.700558
299                          170.766961          96.980437          0.476805                0.930927
300                          -648.632398          179.008102          0.974031                0.131043
301                          126.430144          76.192626          0.686673                0.670781
302                          -321.185027          3.976998          0.113054                0.470674
303                          83.938220          -68.290672          0.749880                0.712099
304                          -364.471433          423.403801          0.088953                0.321779
305                          -22.764630          246.808600          0.613761                0.779631
306                          -253.392012          103.454946          0.480763                0.779561
307                          675.013774          157.642118          0.722110                0.631736
308                          -455.891142          -112.107464          0.673433                0.589384
309                          281.300517          195.281836          0.797802                0.351945
310                          -322.205186          248.461265          0.299812                0.534189
311                          457.639574          40.383420          0.480623                0.405289
312                          221.678529          -103.577112          0.740545                0.264888
313                          340.000839          -49.533218          0.092426                0.352089
314                          159.100596          -364.007695          0.255703                0.060584
315                          392.387447          -34.089858          0.418499                0.272897
316                          -37.686796          -103.602489          0.867946                0.646063
317                          -178.951036          -36.151532          0.208215                0.855345
318                          230.071617          -17.835663          0.569794                0.182903
319                          -31.045838          -160.826888          0.857907                0.218560
320                          -28.962339          -203.140924          0.583586                0.781861
321                          -210.653396          -256.719312          0.295935                0.084145
322                          -88.810801          75.412250          0.066225                0.843470
323                          -54.286919          -160.407241          0.061227                0.523348
324                          -260.316421          -185.224073          0.862454                0.893237
325                          -52.463106          381.111308          0.244071                0.539008
326                          -462.470032          293.219432          0.322206                0.981294
327                          -25.303669          45.375571          0.806458                0.358542
328                          152.147527          -187.277990          0.248436                0.279978
329                          78.470341          92.637676          0.218497                0.713421
330                          75.399115          136.052406          0.725504                0.629337
331                          -318.377457          600.789498          0.685480                0.277107
332                          -142.717325          -3.311199          0.352557                0.122519
333                          185.837255          241.528650          0.543713                0.776395
334                          -117.130695          -173.979017          0.587234                0.785372
335                          -139.943678          104.349370          0.769183                0.175985
336                          -195.665704          114.847783          0.256930                0.764417
337                          -55.078015          298.293206          0.367020                0.841887
338                          527.494415          188.096971          0.257683                0.076364
339                          -41.326959          80.517836          0.058039                0.589038
340                          98.247596          131.763387          0.211784                0.965298
341                          77.629919          -313.472092          0.575441                0.042465
342                          -248.058491          73.465120          0.032429                0.094121
343                          -43.316351          82.107656          0.236531                0.799273
344                          237.642907          63.373512          0.955232                0.913638
345                          -14.608321          456.660232          0.873187                0.161889
346                          -308.099323          296.117331          0.351697                0.971884
347                          205.995614          312.667201          0.095035                0.906016
348                          424.790988          171.219619          0.774621                0.679065
349                          356.313451          -100.444837          0.453487                0.906497
350                          -573.156440          48.531361          0.626384                0.187011
351                          65.474712          -294.808185          0.715596                0.758996
352                          59.978867          456.555178          0.151979                0.887861
353                          -212.917900          553.979867          0.349392                0.768343
354                          162.977874          338.627311          0.765896                0.560320
355                          67.851062          67.853747          0.565278                0.849167
356                          76.378801          -36.309879          0.201058                0.746385
357                          -205.837678          -233.640363          0.529141                0.789104
358                          43.893627          -227.872190          0.989780                0.752855
359                          -142.495584          -309.312710          0.985847                0.141186
360                          -72.743673          -267.079848          0.049633                0.107922
361                          443.199582          70.561560          0.462386                0.780932
362                          283.276826          38.286734          0.971392                0.904384
363                          -174.006227          -45.060699          0.222957                0.399804
364                          204.680461          -311.126617          0.918148                0.144911
365                          2.805150          434.039446          0.931323                0.160045
366                          -68.539831          332.022993          0.537189                0.434013
367                          -194.682680          -172.344353          0.043628                0.628734
368                          196.365789          -78.709556          0.678057                0.767060
369                          318.129730          -70.284994          0.353450                0.330343
370                          372.970385          257.513498          0.980992                0.058819
371                          -327.288625          91.634080          0.412749                0.550080
372                          -256.537863          -80.188966          0.788093                0.101733
373                          451.312265          -0.731620          0.738772                0.382060
374                          90.390521          -53.251577          0.135768                0.213615
375                          531.294980          -516.346532          0.248178                0.177408
376                          -38.239505          197.640710          0.268978                0.835494
377                          -258.742841          -128.749605          0.676244                0.325979
378                          276.772510          13.590862          0.280675                0.829113
379                          -286.557314          108.636050          0.994813                0.211030
380                          -124.836687          10.973104          0.513814                0.457687
381                          -474.090165          -329.329675          0.993732                0.827602
382                          75.312219          353.123783          0.087589                0.985645
383                          -287.644580          -220.366316          0.198622                0.951317
384                          348.939752          -29.244967          0.616124                0.206672
385                          262.305632          -23.732421          0.146504                0.141129
386                          178.657128          85.238061          0.254877                0.304101
387                          340.613176          252.655209          0.485508                0.393748
388                          -98.679687          555.744507          0.573771                0.591637
389                          -109.431353          245.225225          0.284472                0.536987
390                          -208.412887          -178.095426          0.355152                0.886266
391                          226.936212          -224.083469          0.028633                0.841208
392                          245.486722          100.299985          0.358496                0.642366
393                          -146.595884          -117.080379          0.740684                0.636920
394                          -200.403215          -187.342226          0.746229                0.018166
395                          129.839302          -156.269466          0.923189                0.874260
396                          -400.384161          268.087643          0.686573                0.410726
397                          -245.614227          56.123643          0.169404                0.253568
398                          81.056776          288.440603          0.353703                0.622563
399                          46.833356          -183.913858          0.074288                0.880704
