Particle_Number_idendity     vx(m/s)           vy(m/s)          position_x(m)       position_y(m) 
0                          286.668976          -138.282721          0.039643                0.485200
1                          98.316985          -191.056361          0.467198                0.245105
2                          122.860045          73.703671          0.589735                0.342768
3                          195.276411          566.752902          0.489255                0.864746
4                          -38.445524          -38.028184          0.863016                0.667292
5                          -169.836415          -100.870962          0.010988                0.568548
6                          -244.088738          24.036312          0.063198                0.618276
7                          204.636798          598.993895          0.255139                0.052719
8                          -486.032573          -42.012147          0.469459                0.356873
9                          165.735836          659.919257          0.378705                0.456145
10                          -271.269219          -66.823026          0.436065                0.983423
11                          -431.036698          -244.279608          0.402991                0.139814
12                          52.791287          -476.132238          0.618288                0.862267
13                          -72.241559          -138.770665          0.778859                0.565224
14                          128.118699          59.874189          0.293669                0.658536
15                          -30.527010          238.707562          0.665901                0.862159
16                          -377.935584          -136.996725          0.543453                0.991433
17                          -199.271113          75.928985          0.679612                0.087145
18                          167.280057          91.955694          0.248016                0.266029
19                          83.143332          -17.353277          0.753477                0.223766
20                          499.015790          -6.582672          0.787793                0.047303
21                          -13.804149          -396.620760          0.806308                0.522064
22                          -3.769819          -72.173827          0.283833                0.977807
23                          -414.874549          74.447818          0.185517                0.825320
24                          128.963296          -453.167226          0.650601                0.981820
25                          -106.310334          -80.183317          0.954886                0.032119
26                          -345.032911          601.839871          0.848400                0.727927
27                          -369.584045          -85.583586          0.992010                0.101265
28                          -145.889418          -42.967501          0.877945                0.166173
29                          205.685547          -197.704166          0.245264                0.013971
30                          -298.446566          53.589161          0.136702                0.865755
31                          108.504141          176.594122          0.712771                0.956960
32                          -31.917135          138.625686          0.400840                0.041630
33                          40.410628          -46.551874          0.638445                0.575293
34                          435.505135          -251.627845          0.650720                0.585817
35                          12.044237          -51.885721          0.205933                0.681115
36                          -124.680357          -58.308907          0.458404                0.558797
37                          436.583982          184.049687          0.798667                0.357417
38                          63.906629          -415.280082          0.845156                0.692805
39                          126.134131          80.998437          0.846215                0.603840
40                          -173.980240          90.960053          0.821420                0.500934
41                          271.048371          55.430838          0.890354                0.806222
42                          36.414842          -232.561476          0.274988                0.187018
43                          -244.434609          -46.836710          0.857782                0.786140
44                          -262.094067          -172.689851          0.146295                0.286022
45                          -227.023338          -80.159130          0.742549                0.080541
46                          208.788561          193.814992          0.058554                0.037815
47                          -150.878593          -124.592898          0.171280                0.409731
48                          -229.818123          150.457388          0.692392                0.872831
49                          -74.266689          -128.035087          0.516648                0.992778
50                          199.220225          -33.229135          0.554572                0.992849
51                          -30.564181          -194.242602          0.811667                0.331340
52                          -24.733930          -29.594277          0.800873                0.705645
53                          501.423841          431.433671          0.570748                0.123607
54                          -0.082504          59.141079          0.295269                0.731098
55                          129.261928          -184.825986          0.116814                0.834476
56                          265.037429          152.496515          0.991967                0.553551
57                          -503.947983          -364.416823          0.315360                0.026187
58                          202.289794          130.301805          0.264702                0.385015
59                          -148.312635          112.426178          0.126794                0.014834
60                          -163.477118          58.749008          0.486799                0.085462
61                          375.065225          129.469893          0.763385                0.826921
62                          129.461662          74.443086          0.492535                0.428003
63                          103.939461          480.953255          0.906498                0.081016
64                          -284.313959          437.188660          0.465177                0.547284
65                          -357.080167          -324.185796          0.965664                0.414380
66                          62.913894          -26.322307          0.087032                0.385192
67                          -181.433060          127.767857          0.951005                0.016614
68                          251.897740          -435.350991          0.937441                0.545455
69                          -210.308926          -17.788785          0.757498                0.941114
70                          -26.636776          -180.934242          0.926385                0.210167
71                          13.136402          -3.644035          0.894594                0.686336
72                          243.767099          7.920811          0.401385                0.244387
73                          -29.966154          213.092527          0.380882                0.762094
74                          -234.456803          4.370902          0.853216                0.136446
75                          38.573916          185.147814          0.514914                0.132849
76                          141.076481          231.267981          0.844654                0.264370
77                          -736.283285          144.518825          0.882586                0.990450
78                          474.958373          -176.331364          0.927388                0.552293
79                          -168.997617          -45.345053          0.801626                0.715477
80                          109.012345          299.248064          0.104706                0.134968
81                          -129.233881          116.813323          0.578214                0.886598
82                          401.139637          -420.406981          0.998822                0.971496
83                          225.527317          64.401434          0.516143                0.645371
84                          -30.298946          -182.077359          0.672056                0.727885
85                          94.425873          -67.047889          0.376481                0.915657
86                          -181.547583          -4.976031          0.571208                0.284057
87                          -301.301181          -167.509283          0.675668                0.536753
88                          532.129394          36.198612          0.721177                0.103198
89                          -84.756838          -72.784989          0.584001                0.956362
90                          259.661312          -113.922696          0.933778                0.171305
91                          60.843533          -54.386568          0.768189                0.853168
92                          -29.123216          2.749496          0.413106                0.974090
93                          181.902887          39.140768          0.620793                0.783005
94                          -205.432565          125.136257          0.824320                0.622565
95                          -172.296054          181.733234          0.415392                0.346576
96                          -375.405356          52.401479          0.663511                0.796018
97                          -70.418413          -201.949719          0.259899                0.352209
98                          418.523368          -79.587990          0.956902                0.766776
99                          -244.971664          -85.814919          0.975186                0.844600
100                          -44.160032          -282.716830          0.481739                0.500028
101                          538.236850          -385.650769          0.143258                0.706744
102                          -197.307120          -240.570780          0.999824                0.382186
103                          -374.975112          176.992255          0.284507                0.012241
104                          12.003818          -250.010703          0.657710                0.282478
105                          -234.151210          -241.174681          0.935753                0.521801
106                          -84.888113          -233.189072          0.418490                0.469376
107                          261.911343          -220.175387          0.779671                0.572637
108                          51.289113          116.711951          0.802693                0.189300
109                          -19.813061          38.521105          0.300744                0.758059
110                          -103.989736          -236.588741          0.398803                0.510387
111                          -40.409398          -17.205450          0.614803                0.880713
112                          210.704681          134.844010          0.337236                0.362942
113                          -34.310438          158.634339          0.837683                0.601268
114                          162.620286          199.410337          0.373172                0.402272
115                          418.380739          -48.946029          0.413684                0.479092
116                          -558.724544          148.709554          0.790218                0.676623
117                          -145.472578          136.255142          0.766231                0.640183
118                          -326.853698          -48.814105          0.995505                0.657967
119                          128.350298          205.691705          0.236113                0.051999
120                          -200.777322          -260.909690          0.072171                0.970319
121                          154.153554          -297.457279          0.781617                0.084776
122                          349.344967          261.256912          0.130793                0.438363
123                          152.177844          136.539723          0.365227                0.383286
124                          31.350561          235.230490          0.670798                0.701920
125                          -70.305066          320.068931          0.679959                0.689279
126                          -159.531757          258.118464          0.495653                0.841544
127                          58.478063          113.270362          0.459187                0.053135
128                          -31.490110          5.046310          0.322799                0.302280
129                          -1.686867          43.173160          0.970612                0.052528
130                          105.756977          554.067853          0.887440                0.188119
131                          -801.959858          243.458587          0.117516                0.843239
132                          29.395961          -10.690321          0.965017                0.333256
133                          62.079934          113.590195          0.341139                0.468700
134                          -17.668960          605.481117          0.679843                0.994718
135                          -67.888338          -114.595039          0.062114                0.841128
136                          664.346467          -242.684777          0.877019                0.277566
137                          -121.934186          -399.081625          0.074171                0.225666
138                          -307.145873          128.053349          0.511408                0.029142
139                          269.758575          -168.937526          0.542303                0.862377
140                          208.890554          159.567324          0.907984                0.032342
141                          74.355189          -158.890060          0.856981                0.099154
142                          -636.264669          -600.499424          0.009542                0.610727
143                          318.114049          578.600285          0.380075                0.135550
144                          -22.845745          -249.634044          0.320368                0.345640
145                          16.870253          103.962629          0.173392                0.200523
146                          -444.964470          749.858133          0.044332                0.631284
147                          186.625306          -131.641469          0.835250                0.773737
148                          297.127570          -365.026139          0.075697                0.889277
149                          -508.063195          338.534881          0.547565                0.506167
150                          152.828524          372.202675          0.655007                0.612871
151                          -124.198839          730.899761          0.510622                0.761685
152                          108.856493          10.188793          0.214405                0.529059
153                          24.685075          -174.450903          0.728829                0.435029
154                          352.142091          -197.043943          0.145919                0.690123
155                          -395.715539          -684.815358          0.798991                0.948877
156                          -26.515434          445.233002          0.799370                0.476186
157                          188.662855          -47.698896          0.372663                0.222574
158                          51.455328          569.208163          0.192366                0.727990
159                          -279.356940          -175.724808          0.131899                0.465532
160                          -236.037961          -134.770099          0.212925                0.041290
161                          -235.946733          98.895519          0.818079                0.327282
162                          297.466198          408.000294          0.842608                0.166137
163                          302.593168          -22.288455          0.269207                0.747318
164                          191.434963          -58.123291          0.498177                0.526995
165                          269.604510          509.439549          0.204552                0.832265
166                          -32.283769          -364.988179          0.337236                0.384301
167                          -96.933064          253.220615          0.180208                0.079002
168                          26.762388          -64.859745          0.498593                0.640770
169                          -217.575482          163.289839          0.368318                0.996963
170                          -78.113362          49.075412          0.296289                0.492948
171                          82.191972          -146.778097          0.792052                0.662559
172                          -140.993313          -442.451554          0.167422                0.996259
173                          372.666458          9.005194          0.122863                0.858523
174                          -425.760265          67.339339          0.209539                0.321604
175                          176.237623          107.618446          0.161674                0.063443
176                          56.793191          -11.602159          0.715122                0.687865
177                          110.423160          -54.942981          0.236755                0.235173
178                          -152.552361          139.399695          0.256214                0.413012
179                          -280.679534          224.453213          0.079695                0.665740
180                          -423.366667          -27.365890          0.083085                0.981390
181                          206.950348          -95.817281          0.862164                0.453828
182                          -101.414910          6.592003          0.449635                0.344498
183                          -41.476061          -11.761959          0.367016                0.074881
184                          136.532934          272.254292          0.749284                0.014851
185                          -35.443794          -261.317226          0.291228                0.244479
186                          94.575512          151.503312          0.278156                0.919486
187                          153.594129          -136.578024          0.165155                0.058380
188                          234.697809          223.017940          0.895922                0.133394
189                          137.982646          161.693130          0.078752                0.516470
190                          66.166041          -17.580835          0.453074                0.424699
191                          220.858004          -151.922009          0.500904                0.425550
192                          215.906771          -19.805478          0.806327                0.560394
193                          344.218921          -29.973715          0.048548                0.231607
194                          32.804920          130.614785          0.794649                0.796076
195                          -170.636046          95.882363          0.007336                0.570254
196                          133.795566          39.114030          0.526413                0.700434
197                          -449.471445          269.908472          0.180356                0.302826
198                          -7.941811          -180.169383          0.049320                0.375012
199                          -571.434658          104.594419          0.276258                0.351747
200                          64.199950          198.616409          0.867730                0.311474
201                          -255.237739          -157.030551          0.712391                0.448777
202                          171.152979          285.401697          0.626991                0.464954
203                          -56.940536          203.131079          0.250606                0.717543
204                          -8.420930          376.600797          0.477445                0.605396
205                          -170.213861          1.595955          0.884040                0.664185
206                          67.878303          122.534708          0.105928                0.735974
207                          -56.848386          -35.246514          0.500072                0.739435
208                          -369.226326          -581.114058          0.497184                0.661748
209                          -181.083598          41.923842          0.285669                0.849229
210                          -121.331316          -456.871113          0.806188                0.116020
211                          -136.167798          32.511964          0.647938                0.376662
212                          166.579922          159.268190          0.604063                0.437251
213                          135.010531          -180.033420          0.892864                0.353620
214                          -126.026844          -111.416898          0.186237                0.090406
215                          165.327439          361.074782          0.673471                0.917688
216                          126.035962          67.768441          0.736799                0.217610
217                          -42.077108          -378.571795          0.228962                0.953900
218                          133.490445          144.557443          0.394049                0.994196
219                          509.728406          -38.054504          0.464613                0.770965
220                          -56.171792          -468.264496          0.936154                0.744677
221                          133.144274          -143.698320          0.085205                0.163849
222                          139.378539          -41.742944          0.729127                0.951699
223                          -195.351509          -459.510169          0.250289                0.830179
224                          292.922371          -403.457950          0.853783                0.647963
225                          -360.979268          13.663105          0.297629                0.589800
226                          441.997772          -92.781370          0.855292                0.231840
227                          -409.981632          136.945850          0.545305                0.872952
228                          -141.048016          646.736632          0.596471                0.044794
229                          94.651210          66.057279          0.755461                0.794119
230                          -199.090729          -229.180394          0.576046                0.767018
231                          -359.813862          -164.847575          0.541087                0.736942
232                          135.433490          -67.003874          0.174408                0.673933
233                          331.866636          -97.451347          0.922690                0.520763
234                          62.545677          42.344703          0.115476                0.535279
235                          -313.685247          -93.127674          0.685515                0.341683
236                          -249.380883          -67.867236          0.828116                0.792393
237                          317.190608          39.712985          0.803026                0.316023
238                          -172.285129          -80.741034          0.607534                0.633711
239                          252.792272          -173.942133          0.360002                0.961595
240                          185.075213          -64.963469          0.793501                0.628310
241                          285.605657          112.147221          0.497300                0.779514
242                          -218.105838          335.200340          0.778916                0.358407
243                          410.233859          382.359554          0.766331                0.607075
244                          -223.184302          -71.616080          0.174447                0.942741
245                          -56.654145          -523.342851          0.034372                0.985475
246                          -99.493643          -44.762052          0.032939                0.966682
247                          192.112483          -384.830815          0.894262                0.854018
248                          158.923213          -57.279521          0.269413                0.550819
249                          -414.723458          352.350456          0.526522                0.366658
250                          -229.529780          -624.674675          0.573594                0.644219
251                          442.273417          -435.887340          0.433928                0.493809
252                          45.514632          60.541349          0.916255                0.028331
253                          167.638037          171.701430          0.426955                0.117748
254                          -54.624207          181.504213          0.347370                0.583992
255                          -77.793426          248.087325          0.935964                0.006986
256                          155.766278          472.737482          0.399532                0.306603
257                          12.521362          479.171516          0.277444                0.243137
258                          -77.644174          224.200872          0.258310                0.267573
259                          143.018549          175.702919          0.481420                0.137928
260                          55.521702          -93.563693          0.521711                0.874486
261                          -349.434680          -250.919566          0.171667                0.873772
262                          257.168750          98.334140          0.083044                0.708616
263                          2.245317          -379.907886          0.620762                0.113251
264                          78.295294          305.635328          0.769494                0.668039
265                          245.209910          187.110239          0.531869                0.331233
266                          477.228255          228.910606          0.175894                0.708815
267                          10.711554          517.357126          0.587093                0.652558
268                          -46.243970          63.952694          0.511097                0.144066
269                          12.634213          20.378044          0.324856                0.199682
270                          -170.245944          1.809527          0.853769                0.867063
271                          -167.554331          -38.555532          0.983953                0.084569
272                          -132.268533          563.420075          0.240508                0.469451
273                          -360.776417          510.150916          0.671226                0.705728
274                          -244.816933          85.387997          0.740292                0.844396
275                          166.484178          511.711274          0.331637                0.318094
276                          -3.136657          329.679475          0.244257                0.289876
277                          44.197055          -420.584673          0.264426                0.014334
278                          -86.579156          -31.364449          0.087164                0.077073
279                          -777.769970          -178.441324          0.456489                0.811828
280                          632.647943          123.250815          0.270598                0.958619
281                          -423.334073          34.046856          0.650531                0.130767
282                          -15.433561          593.852037          0.401112                0.123684
283                          -20.844732          369.846767          0.795585                0.110739
284                          382.799178          121.275596          0.728676                0.055093
285                          427.288109          71.112749          0.191234                0.737713
286                          -195.964963          -217.124858          0.459333                0.307817
287                          -227.255272          -104.888849          0.802266                0.622368
288                          -303.039883          -258.576477          0.199170                0.687815
289                          -201.307592          81.304817          0.685595                0.198420
290                          -502.402929          -442.359824          0.603368                0.506948
291                          -256.622366          604.936904          0.534329                0.219618
292                          -108.384413          -205.154372          0.301959                0.593493
293                          -118.610907          -61.640714          0.721850                0.347270
294                          -365.942120          -53.450528          0.262172                0.562685
295                          197.473040          -463.766965          0.489283                0.846678
296                          78.531460          -90.651867          0.000418                0.868527
297                          -7.875556          119.878538          0.785939                0.313741
298                          -20.710023          -86.620698          0.087124                0.280099
299                          144.925774          190.149062          0.079155                0.699990
300                          108.279041          77.599740          0.274050                0.434231
301                          38.545258          90.483253          0.973279                0.610083
302                          43.191726          -215.153885          0.069215                0.845838
303                          21.264473          136.280629          0.801091                0.547758
304                          149.805587          -284.860711          0.221171                0.932301
305                          219.868612          -350.904813          0.767114                0.775349
306                          -293.169472          -140.073705          0.030474                0.436677
307                          34.975069          -87.190340          0.270216                0.719456
308                          395.269591          166.781353          0.364731                0.594928
309                          -198.574380          241.871702          0.521552                0.645669
310                          105.951315          -110.130027          0.121353                0.914933
311                          -54.993412          362.961336          0.804860                0.552794
312                          203.199191          -158.837530          0.496285                0.319638
313                          5.927162          67.138054          0.462713                0.840131
314                          219.277436          -101.822583          0.068210                0.610146
315                          197.066827          -40.550048          0.242849                0.165192
316                          0.096286          37.130208          0.045393                0.572258
317                          108.554980          -272.716051          0.546529                0.153224
318                          436.714252          720.795962          0.493254                0.806529
319                          -575.355464          -167.900734          0.055582                0.392178
320                          -237.827176          368.410703          0.604321                0.404039
321                          -49.645545          64.445124          0.446974                0.191030
322                          221.547236          101.863545          0.941071                0.722775
323                          -180.264111          -137.601229          0.580354                0.982553
324                          138.229816          -11.575494          0.670413                0.930850
325                          -114.839886          -338.344247          0.603284                0.399619
326                          -340.089296          236.371591          0.193134                0.595172
327                          -200.416634          -147.369594          0.601116                0.413838
328                          -323.508377          67.342417          0.503941                0.447804
329                          -274.016628          -71.160349          0.670753                0.358266
330                          3.826875          43.308198          0.464793                0.054702
331                          33.171642          148.152676          0.808795                0.686329
332                          -114.080616          46.436031          0.362179                0.242463
333                          -47.383083          -473.235388          0.150213                0.354896
334                          -480.492525          -139.313510          0.819273                0.233477
335                          333.628323          259.707653          0.207960                0.405699
336                          119.327296          23.818752          0.807108                0.850667
337                          204.444015          -353.405710          0.470806                0.966008
338                          375.662371          130.815081          0.348405                0.262667
339                          339.939507          96.762132          0.520610                0.375392
340                          -352.003314          359.810905          0.913723                0.754109
341                          -19.838270          -180.926428          0.913754                0.227625
342                          -108.779938          -309.473746          0.615947                0.916367
343                          451.913107          221.610746          0.563788                0.034266
344                          -119.478179          -76.839541          0.782919                0.415286
345                          46.087045          -66.991477          0.869573                0.955581
346                          20.622649          -190.382642          0.943195                0.968851
347                          -25.032657          394.255586          0.973827                0.458664
348                          -109.237975          -156.488728          0.470459                0.584119
349                          -316.176427          215.950369          0.931923                0.603243
350                          128.118521          -379.122110          0.712836                0.871928
351                          296.460776          204.610402          0.134068                0.017020
352                          -336.158252          140.655754          0.388389                0.732799
353                          23.844508          344.832571          0.513270                0.619127
354                          107.989215          124.794050          0.063723                0.569795
355                          -316.898711          -452.483711          0.939594                0.603535
356                          176.921967          -456.842775          0.177191                0.442306
357                          212.651058          93.240691          0.277114                0.432251
358                          -33.666484          318.105069          0.915557                0.808891
359                          -174.880431          -64.105576          0.657866                0.078146
360                          542.131289          228.512937          0.554941                0.861209
361                          117.368113          -167.421199          0.878724                0.256259
362                          107.994557          -8.442812          0.209166                0.239801
363                          24.809361          135.546064          0.904911                0.793249
364                          139.524753          176.052949          0.273575                0.659895
365                          -375.799470          497.217501          0.089345                0.177263
366                          249.431725          64.099881          0.221385                0.155713
367                          403.347210          -107.746116          0.410135                0.196451
368                          33.402328          -461.914612          0.239618                0.698720
369                          -18.242777          39.197597          0.428957                0.989664
370                          -325.317178          564.327610          0.696813                0.646065
371                          26.712812          -332.750133          0.659104                0.048705
372                          118.195829          -53.048695          0.971973                0.347003
373                          -80.726244          99.612032          0.339179                0.367115
374                          590.445516          308.781027          0.016689                0.054724
375                          -15.341098          -228.365735          0.241888                0.966176
376                          -233.586405          68.331457          0.516423                0.654630
377                          122.119367          -113.177562          0.491796                0.097616
378                          427.615439          -109.944493          0.378706                0.146822
379                          -93.337950          832.856061          0.850327                0.372317
380                          -644.094786          -7.981009          0.597615                0.141854
381                          -230.150875          -282.110381          0.799866                0.631447
382                          -179.202283          -124.686529          0.785038                0.800930
383                          -207.535896          147.954413          0.412733                0.440636
384                          421.171137          -346.487801          0.129168                0.222061
385                          -258.300768          -250.700802          0.575527                0.905983
386                          -119.009424          86.971863          0.778037                0.631126
387                          -219.108783          249.272756          0.918581                0.129184
388                          -259.984590          -127.338670          0.573804                0.343964
389                          245.576637          28.077735          0.741128                0.366938
390                          -69.177765          361.792991          0.415856                0.378044
391                          26.506191          40.238377          0.341859                0.680761
392                          -256.046295          -313.290133          0.073018                0.531521
393                          -49.889037          -1.266997          0.946458                0.038227
394                          -66.397003          -146.133315          0.112955                0.445145
395                          221.566843          -51.746246          0.210079                0.844341
396                          348.156000          122.354950          0.857072                0.072190
397                          101.861490          -325.019132          0.919964                0.978579
398                          -124.768076          -477.619513          0.720842                0.236150
399                          135.304200          -125.487375          0.325943                0.247464
