Particle_Number_idendity     vx(m/s)           vy(m/s)          position_x(m)       position_y(m) 
0                          37.063012          -265.662523          0.451288                0.622023
1                          -22.189784          484.443179          0.417031                0.222561
2                          -118.382807          -91.152880          0.474274                0.284655
3                          -558.555444          90.887037          0.509293                0.386064
4                          319.502967          -318.804817          0.118553                0.396950
5                          21.437188          83.102527          0.206310                0.511380
6                          54.812058          -58.428838          0.917481                0.283459
7                          107.266021          262.101473          0.847380                0.446060
8                          -291.635437          -92.865853          0.054757                0.964823
9                          103.362087          282.198252          0.615117                0.584175
10                          -52.505810          -116.813263          0.121312                0.516544
11                          65.182082          -48.101773          0.247766                0.031736
12                          -48.748981          86.152843          0.267112                0.791017
13                          61.558074          337.154352          0.496053                0.628449
14                          101.387982          162.549448          0.562800                0.264805
15                          372.616968          -72.514508          0.340074                0.713494
16                          -79.926546          47.340358          0.064896                0.476409
17                          -45.168083          -253.960239          0.774887                0.524932
18                          409.484669          87.922744          0.089057                0.494995
19                          104.219420          302.627235          0.416238                0.204749
20                          -2.779174          -16.325286          0.968512                0.959185
21                          177.271918          -118.526822          0.080889                0.883063
22                          484.476915          -337.624425          0.530221                0.481908
23                          -289.236640          51.580902          0.577722                0.294904
24                          309.523809          244.974258          0.076807                0.986469
25                          -109.220607          -146.030331          0.826136                0.380638
26                          10.205940          -263.691808          0.847306                0.384959
27                          -5.482200          124.033520          0.635042                0.464065
28                          197.021519          275.491720          0.092903                0.264158
29                          -188.787718          1.573068          0.388677                0.097795
30                          -380.705810          -269.245565          0.625400                0.761436
31                          532.471009          135.778278          0.827395                0.240395
32                          53.618188          -116.207822          0.669772                0.826170
33                          -177.700511          209.625493          0.272498                0.480704
34                          -204.034177          -14.253175          0.538432                0.276053
35                          -755.740263          -185.809111          0.957460                0.017334
36                          234.936729          -138.321161          0.155476                0.424854
37                          328.101930          -162.819954          0.738941                0.441924
38                          102.126026          655.526543          0.738562                0.961809
39                          -242.844234          -305.643134          0.894036                0.202174
40                          18.075379          194.252838          0.694666                0.428457
41                          -25.537982          -213.180399          0.314461                0.856135
42                          -84.819349          -73.680141          0.655838                0.509527
43                          -116.754797          -341.413422          0.795587                0.642247
44                          -296.557441          57.088468          0.797465                0.497102
45                          -40.259624          72.435482          0.862626                0.030860
46                          -254.672382          -126.208960          0.303402                0.927897
47                          212.612688          117.123061          0.125565                0.491755
48                          63.840122          454.825728          0.944238                0.859874
49                          61.976725          212.551455          0.356981                0.900962
50                          -89.335762          116.664629          0.362771                0.180857
51                          -547.775060          361.872750          0.842581                0.642718
52                          -4.505636          343.067669          0.000251                0.886248
53                          239.634948          -298.018081          0.125752                0.135275
54                          -372.506058          -187.022094          0.191771                0.633533
55                          -23.055036          18.739352          0.904150                0.386007
56                          -60.229027          489.459016          0.735836                0.627243
57                          -183.585982          -41.442401          0.186309                0.594628
58                          -287.265764          273.166176          0.723340                0.075602
59                          -0.603407          195.377640          0.959824                0.867667
60                          -320.200463          328.181795          0.638199                0.360846
61                          -416.972512          405.996715          0.023050                0.912737
62                          -401.052023          6.438856          0.027418                0.731715
63                          116.029771          357.491186          0.769016                0.105138
64                          -369.908501          109.758172          0.918375                0.752202
65                          482.507938          -2.911519          0.625598                0.553424
66                          21.287825          -303.081975          0.082441                0.261893
67                          38.079068          -497.110953          0.078974                0.437942
68                          -201.273673          201.742594          0.849944                0.926414
69                          -757.975551          160.957495          0.515859                0.140413
70                          52.458787          -16.521184          0.327397                0.512521
71                          334.215438          -202.599864          0.237671                0.694255
72                          176.146794          -440.856304          0.576885                0.708602
73                          248.592273          403.080215          0.343469                0.012256
74                          -43.855329          41.543099          0.193227                0.218167
75                          -17.953222          177.571733          0.466717                0.325228
76                          162.643927          174.189383          0.161592                0.877402
77                          52.743896          166.686388          0.364013                0.795892
78                          85.942816          -215.628921          0.894964                0.208647
79                          471.983597          -241.586437          0.640028                0.905560
80                          44.679103          127.588477          0.822313                0.268716
81                          -226.422261          242.364145          0.846438                0.626992
82                          -199.876953          -199.269054          0.647728                0.386874
83                          -188.552599          152.485412          0.245502                0.349092
84                          -8.402952          140.471191          0.931619                0.535442
85                          -222.155207          133.130747          0.431080                0.093353
86                          209.451093          -55.725144          0.141601                0.227135
87                          25.942193          -221.066241          0.491882                0.366813
88                          55.807441          36.894086          0.304865                0.905375
89                          15.247833          119.844235          0.383346                0.547400
90                          -183.319809          219.463313          0.161603                0.391628
91                          30.111977          -496.985192          0.017616                0.679012
92                          -296.405659          86.612555          0.986794                0.248430
93                          159.924220          83.596687          0.282128                0.278978
94                          -46.412335          -143.391029          0.387161                0.952379
95                          83.943495          -522.624531          0.141166                0.362531
96                          69.153848          -253.604284          0.763790                0.516201
97                          449.446281          -182.661850          0.811176                0.920192
98                          308.996521          -112.779224          0.847042                0.394510
99                          -130.153438          -316.420765          0.756175                0.280380
100                          -91.142624          285.322800          0.408386                0.034399
101                          -105.306651          134.047437          0.724419                0.102130
102                          57.899258          -392.434172          0.916361                0.676457
103                          -209.661623          354.045868          0.540293                0.234956
104                          10.991257          -160.880016          0.409694                0.702302
105                          94.401570          -124.440877          0.750427                0.048142
106                          297.300324          325.712566          0.950708                0.342382
107                          70.036983          -95.063356          0.599029                0.401001
108                          166.034607          92.861390          0.203841                0.553213
109                          258.980472          -28.691702          0.397336                0.526869
110                          137.453507          451.138484          0.364356                0.362974
111                          38.050326          55.093577          0.239412                0.941428
112                          -394.685493          508.556294          0.264172                0.609970
113                          72.345351          26.078547          0.156409                0.380785
114                          358.456063          242.969099          0.275207                0.647396
115                          -140.377825          127.092818          0.993508                0.142531
116                          311.022459          -291.377643          0.434028                0.647935
117                          -387.313738          80.556868          0.291140                0.039630
118                          -395.740670          -130.306691          0.771554                0.689129
119                          285.062204          -107.530699          0.877145                0.173875
120                          -51.848702          -146.210191          0.217258                0.341866
121                          -534.133948          -232.423982          0.558344                0.967726
122                          -145.814776          16.376971          0.792202                0.793242
123                          -279.438860          67.885976          0.908140                0.059425
124                          80.076041          -56.461117          0.934225                0.677432
125                          142.851598          224.336656          0.324186                0.517253
126                          -64.450166          21.452929          0.032215                0.128579
127                          37.418797          -281.923997          0.253392                0.530646
128                          -224.815138          -379.552661          0.727461                0.995789
129                          -352.341587          73.311298          0.741709                0.298839
130                          -44.970608          -55.097994          0.975795                0.041029
131                          -278.794853          43.595684          0.125419                0.582662
132                          127.867827          88.208728          0.506318                0.959219
133                          389.809497          -457.451513          0.145285                0.304802
134                          420.704579          -344.119044          0.507447                0.641890
135                          -455.041030          -190.752351          0.905347                0.319086
136                          -347.391462          279.079839          0.249935                0.900919
137                          248.288862          312.441523          0.435322                0.099257
138                          -69.901900          503.349025          0.351164                0.596430
139                          -108.073756          327.550908          0.689588                0.662904
140                          100.549136          82.201935          0.426101                0.488584
141                          -196.959248          35.977995          0.937206                0.135946
142                          -24.088664          -53.450209          0.780437                0.255111
143                          -471.584701          344.447336          0.097968                0.918790
144                          -169.060285          -382.904894          0.673666                0.828036
145                          -42.763454          -153.363878          0.743866                0.013406
146                          -149.127084          267.135213          0.809394                0.038138
147                          5.897125          -351.097110          0.618144                0.317418
148                          -26.169528          -170.557505          0.520688                0.835888
149                          101.822836          -208.700760          0.969000                0.323385
150                          127.926717          -308.039111          0.580802                0.776270
151                          237.331248          55.833898          0.454897                0.328528
152                          191.776088          209.153031          0.129746                0.952095
153                          -57.903423          273.187893          0.600796                0.336480
154                          52.596285          214.865298          0.923257                0.665388
155                          23.794801          -508.780397          0.973629                0.943483
156                          61.024769          62.123512          0.864723                0.531300
157                          18.337273          256.593962          0.576712                0.584648
158                          20.501609          0.723796          0.418563                0.654121
159                          118.429065          -159.644858          0.051080                0.637218
160                          190.608378          -97.360654          0.266823                0.655696
161                          210.580209          -236.937174          0.656729                0.770675
162                          79.525188          360.918938          0.133825                0.892950
163                          346.544913          -47.845438          0.080197                0.877352
164                          -120.236894          153.287275          0.152741                0.903887
165                          116.808107          -235.576500          0.205093                0.230207
166                          -68.858932          17.601489          0.046843                0.861582
167                          -101.870923          59.331146          0.007138                0.570115
168                          159.034006          -123.692256          0.115202                0.411043
169                          -267.508640          98.892943          0.953052                0.584386
170                          152.332216          -33.550401          0.824994                0.368337
171                          -380.872537          -306.734761          0.888872                0.453451
172                          183.102312          88.731851          0.489362                0.707975
173                          -64.800913          -23.890691          0.754359                0.984507
174                          131.543892          -60.110048          0.834350                0.423104
175                          -615.637911          -34.926700          0.949860                0.893382
176                          1.548774          264.813525          0.820687                0.978632
177                          297.023573          -403.415429          0.311012                0.757098
178                          -33.658444          -58.857582          0.594964                0.291302
179                          37.974732          -360.724010          0.876014                0.536415
180                          -47.332483          246.251501          0.578331                0.897812
181                          -338.437740          -264.999781          0.767564                0.843679
182                          143.256972          35.169834          0.861220                0.495364
183                          553.664289          474.504833          0.079643                0.928819
184                          -149.074139          114.080857          0.389844                0.091911
185                          -314.831734          575.222525          0.845024                0.174716
186                          -319.004360          142.922202          0.101763                0.094835
187                          410.010886          465.853276          0.898032                0.951143
188                          94.654095          474.537182          0.811074                0.728554
189                          567.615299          -243.229941          0.747109                0.359157
190                          -164.135492          254.564971          0.263005                0.985564
191                          408.288747          -137.093604          0.183204                0.116161
192                          242.254161          -393.356497          0.501104                0.813930
193                          403.453628          -166.191799          0.658759                0.139724
194                          215.848261          -27.548883          0.443772                0.171443
195                          326.893860          55.807807          0.166179                0.079318
196                          -253.129135          260.933776          0.110304                0.439157
197                          -51.792062          10.072485          0.070892                0.719538
198                          -132.943393          86.220874          0.489673                0.861972
199                          102.885875          -254.531568          0.681845                0.753103
200                          122.598746          -346.981997          0.525367                0.167634
201                          -187.893311          72.641284          0.328769                0.000918
202                          -49.986262          -369.843086          0.054045                0.530397
203                          -156.493977          30.684791          0.911691                0.856413
204                          -288.733671          -145.635132          0.181690                0.396396
205                          224.503423          -17.565787          0.069344                0.063848
206                          177.741170          -79.836879          0.793732                0.206756
207                          367.821370          35.026195          0.467252                0.981725
208                          -152.604324          398.885094          0.320696                0.185020
209                          -312.844151          44.024959          0.098531                0.800865
210                          -126.694175          -129.043544          0.799754                0.995952
211                          -114.659044          60.953186          0.831887                0.519674
212                          464.413005          254.859325          0.481456                0.698038
213                          357.501596          -184.371847          0.647158                0.712891
214                          37.427502          192.722225          0.681760                0.923005
215                          131.470079          77.630370          0.900297                0.046788
216                          -10.934785          3.882641          0.157310                0.010836
217                          -153.418652          -527.284236          0.253423                0.414200
218                          -528.587428          -407.266518          0.657507                0.844736
219                          83.470949          -159.800688          0.827642                0.642462
220                          -80.122872          155.364044          0.990895                0.168277
221                          -142.157081          -71.798950          0.640676                0.993858
222                          -85.742172          37.654353          0.395014                0.326067
223                          69.302926          494.525052          0.171177                0.705922
224                          286.708900          365.522871          0.336199                0.497972
225                          -331.389599          -172.722285          0.425757                0.413443
226                          -13.683165          -107.528788          0.724694                0.494477
227                          -319.466497          -283.606097          0.179068                0.744590
228                          -197.973932          166.694474          0.084731                0.747274
229                          -84.995721          -272.891319          0.481683                0.578531
230                          -217.160923          -268.238259          0.228897                0.894985
231                          -72.132615          452.125144          0.790939                0.040377
232                          200.589568          141.212246          0.214044                0.849718
233                          78.922462          -303.285332          0.033305                0.762052
234                          -115.449337          266.446056          0.138793                0.691769
235                          -60.115953          -344.769498          0.930935                0.574774
236                          48.000406          17.830620          0.991986                0.489833
237                          60.005582          341.575741          0.581549                0.357816
238                          4.808082          195.238066          0.778203                0.054156
239                          -105.505762          -234.084182          0.868560                0.013512
240                          190.137224          -228.190605          0.412500                0.788971
241                          119.250955          -40.550840          0.063164                0.215137
242                          -414.036193          42.058496          0.078887                0.034351
243                          -71.053357          -408.666944          0.672220                0.657223
244                          113.957809          22.128347          0.754479                0.467735
245                          365.796899          -94.814123          0.300153                0.434109
246                          -236.960515          54.780107          0.567284                0.741131
247                          -174.157174          -175.755628          0.105372                0.143798
248                          327.075204          262.784822          0.285746                0.737778
249                          -187.672098          194.651636          0.836663                0.060355
250                          -242.961791          123.537122          0.752707                0.977594
251                          254.448712          -130.104765          0.511334                0.184839
252                          579.218445          131.882291          0.678709                0.949717
253                          490.926518          57.589608          0.936130                0.347987
254                          20.106691          -281.839276          0.064352                0.516284
255                          -78.869477          -260.542346          0.953115                0.891358
256                          -63.295783          -10.323079          0.268427                0.941460
257                          -441.881021          74.624463          0.802056                0.581354
258                          -381.634308          -467.616239          0.023126                0.806537
259                          -671.652715          -401.166611          0.943689                0.372298
260                          -360.742438          219.593991          0.051988                0.133844
261                          234.668727          -79.473333          0.418820                0.659131
262                          -166.331875          404.749654          0.097185                0.790307
263                          -131.201875          -138.541605          0.329809                0.754794
264                          256.942774          -67.265044          0.347601                0.640112
265                          -202.812304          64.451836          0.818566                0.216296
266                          -84.647915          -174.604236          0.573994                0.758026
267                          -41.068989          -166.544333          0.581617                0.426877
268                          62.701019          502.785927          0.049264                0.708763
269                          313.963804          219.193222          0.026680                0.119419
270                          49.351422          479.210358          0.729924                0.257270
271                          -89.596069          472.117319          0.919098                0.578588
272                          -295.497624          -40.714582          0.752867                0.280115
273                          -36.098741          -155.839175          0.943599                0.706311
274                          -332.232761          199.409643          0.326981                0.119240
275                          -332.876116          -412.951216          0.957648                0.601092
276                          20.290785          104.204033          0.625136                0.007308
277                          -433.959083          -78.760787          0.039478                0.391450
278                          -113.478319          102.064882          0.076081                0.279943
279                          -126.179466          396.238853          0.202190                0.655263
280                          -317.947663          207.318298          0.880819                0.426357
281                          310.271304          -7.455679          0.061620                0.006916
282                          -153.186777          444.827024          0.146399                0.346729
283                          79.217932          238.433836          0.859836                0.555555
284                          -2.925379          -163.469908          0.885722                0.675258
285                          -38.726354          -388.406763          0.784596                0.979695
286                          260.792857          302.237583          0.437934                0.993729
287                          160.739594          216.654085          0.546214                0.265358
288                          184.946814          97.731142          0.819089                0.444538
289                          37.169461          178.868836          0.817385                0.290068
290                          337.813566          -184.472938          0.560464                0.136575
291                          -24.489133          -22.256557          0.643838                0.391845
292                          80.070162          98.437894          0.960151                0.013944
293                          -171.123462          299.913959          0.228476                0.746154
294                          -355.564543          -121.793713          0.403331                0.657430
295                          371.384602          303.127418          0.795329                0.554703
296                          29.995766          5.740607          0.445235                0.021117
297                          215.116138          226.172218          0.619203                0.638207
298                          378.827608          680.384573          0.698233                0.754946
299                          174.775961          -27.106285          0.577251                0.110841
300                          -191.473203          96.210667          0.197776                0.634706
301                          -50.237074          -52.357911          0.005414                0.819308
302                          91.369546          -285.198834          0.794558                0.232599
303                          -244.991778          -212.076509          0.683586                0.957297
304                          232.258611          605.881406          0.959600                0.993512
305                          -370.318143          -34.066839          0.750489                0.334818
306                          279.226295          313.223714          0.281446                0.203051
307                          184.570122          -175.971338          0.459267                0.366835
308                          -90.601136          71.283571          0.062652                0.356978
309                          11.692649          -348.448168          0.115892                0.899797
310                          200.217070          -170.033235          0.711372                0.636820
311                          141.437168          185.431241          0.258862                0.367359
312                          -91.273662          -153.625999          0.153527                0.235070
313                          237.039529          299.858394          0.272862                0.246157
314                          96.229870          -17.989690          0.672083                0.892101
315                          77.629995          209.704815          0.660901                0.523521
316                          -44.426649          -208.529138          0.078892                0.564532
317                          64.649321          -223.831366          0.668948                0.055029
318                          36.278680          -240.153780          0.522793                0.570144
319                          49.999627          -367.766890          0.490682                0.927721
320                          -196.539826          243.487948          0.846233                0.918893
321                          -59.336294          323.583541          0.657198                0.375723
322                          -131.555543          -174.654717          0.025317                0.037063
323                          231.800177          253.450662          0.716843                0.588259
324                          -382.647787          201.864881          0.522460                0.086566
325                          225.755937          -308.168278          0.945483                0.069522
326                          -177.253690          218.746116          0.104236                0.429025
327                          211.987603          188.464826          0.413707                0.311891
328                          69.527648          -210.539984          0.500228                0.498913
329                          -192.101838          263.141460          0.010922                0.448888
330                          -343.648044          229.943067          0.378843                0.728710
331                          -76.816404          -25.213465          0.484169                0.253901
332                          359.869437          114.759471          0.925589                0.572522
333                          88.151176          -165.077665          0.834906                0.101236
334                          -104.363536          -110.686021          0.022579                0.473750
335                          66.040155          334.005465          0.271100                0.849575
336                          -248.081216          -159.050360          0.882161                0.055566
337                          -597.599835          -322.786605          0.428835                0.858436
338                          -109.798524          177.217060          0.990654                0.300743
339                          258.941457          -287.736457          0.935123                0.546601
340                          -8.743379          301.240587          0.683960                0.739689
341                          64.259878          20.562538          0.604255                0.452655
342                          169.197810          161.008683          0.685137                0.143912
343                          54.288146          118.410461          0.730609                0.652364
344                          -360.487566          -31.370974          0.801314                0.767198
345                          -82.202771          -130.800987          0.765057                0.507016
346                          370.697403          -172.314158          0.104645                0.711801
347                          132.404052          -36.018669          0.263717                0.034757
348                          179.114766          264.709345          0.291093                0.038981
349                          -95.271302          573.433900          0.941531                0.602257
350                          234.545890          4.466521          0.168531                0.230335
351                          135.474449          -3.531583          0.952006                0.467523
352                          104.816992          128.310520          0.535193                0.166933
353                          668.873377          156.923897          0.122366                0.998106
354                          -241.707085          -57.349383          0.933252                0.141564
355                          -288.762689          26.146552          0.968686                0.798075
356                          108.960232          -201.915882          0.615120                0.493923
357                          -54.146119          -45.721175          0.663550                0.032897
358                          -192.837188          -172.324895          0.450613                0.698530
359                          80.887368          -80.058280          0.216957                0.718253
360                          -194.151966          232.223690          0.770314                0.669550
361                          -290.180735          -124.567423          0.909174                0.859846
362                          -276.459688          136.000058          0.200514                0.279233
363                          -341.742325          -243.498988          0.198451                0.084771
364                          -194.169678          -134.788760          0.331456                0.213240
365                          29.386099          -46.805419          0.054939                0.040010
366                          28.451434          387.327658          0.534116                0.633466
367                          -254.186478          271.978200          0.516894                0.985304
368                          -167.599873          13.837306          0.170078                0.195777
369                          -392.412248          374.432994          0.203961                0.686077
370                          -320.923238          335.107836          0.465327                0.084427
371                          157.095293          -53.024713          0.205988                0.090720
372                          406.694560          320.232198          0.775635                0.177082
373                          -458.030817          362.768457          0.064426                0.955017
374                          -125.831313          -195.496667          0.903464                0.156515
375                          -72.936623          184.527562          0.389964                0.799467
376                          17.360884          -178.132485          0.786019                0.578634
377                          170.747943          -403.909789          0.761054                0.908372
378                          -82.563713          -56.042921          0.617062                0.937001
379                          -218.596891          -170.186011          0.337942                0.746239
380                          63.540729          -175.176650          0.403031                0.106444
381                          97.228540          -122.325018          0.702114                0.576048
382                          465.074436          -195.470227          0.204372                0.803577
383                          289.531492          37.520057          0.090147                0.645927
384                          339.041879          -336.800857          0.819055                0.466053
385                          -181.855049          -239.951037          0.405504                0.078812
386                          -180.726922          -420.554876          0.259389                0.768471
387                          -252.853041          -359.048154          0.929752                0.101274
388                          563.281674          -240.745303          0.125280                0.583154
389                          157.815019          -198.329019          0.139625                0.185053
390                          112.973597          -17.446869          0.300765                0.443325
391                          -38.810163          -103.921003          0.668579                0.905497
392                          51.342774          335.514190          0.286845                0.367737
393                          -45.739523          -206.034461          0.268970                0.587494
394                          495.546190          -255.564526          0.125846                0.990903
395                          372.848216          -110.327782          0.435374                0.431144
396                          99.048327          400.552290          0.406152                0.704629
397                          -44.241876          181.082057          0.264931                0.746925
398                          -216.270253          176.988409          0.581317                0.826030
399                          376.503654          -281.460529          0.614621                0.495825
