Particle_Number_idendity     vx(m/s)           vy(m/s)          position_x(m)       position_y(m) 
0                          212.159311          145.764398          0.536454                0.700989
1                          -140.727259          -45.270974          0.094861                0.845312
2                          62.710793          104.568306          0.919875                0.389054
3                          -224.162810          -215.996754          0.921450                0.606275
4                          275.110835          511.084185          0.548496                0.767441
5                          -228.069554          -38.496267          0.598710                0.537064
6                          433.067308          159.765441          0.857327                0.461575
7                          -172.677585          -205.693399          0.437157                0.364107
8                          32.641058          -154.515029          0.760298                0.528234
9                          -405.841577          75.928303          0.848831                0.332394
10                          10.379089          6.627751          0.483423                0.605145
11                          -126.683440          -11.895969          0.094294                0.815759
12                          -373.945345          -315.365538          0.510259                0.717362
13                          124.718313          -186.748990          0.879438                0.843947
14                          -175.425035          272.725746          0.821438                0.973613
15                          -42.154944          -131.984086          0.595595                0.166123
16                          -268.818626          -49.158939          0.766951                0.831379
17                          -170.635402          324.948546          0.085975                0.574818
18                          150.589459          87.591283          0.410571                0.907484
19                          144.147989          44.324102          0.715923                0.659788
20                          -202.088836          354.839478          0.497495                0.481694
21                          191.747422          -174.557053          0.162396                0.496656
22                          156.930149          -150.239837          0.303308                0.086600
23                          -167.231552          220.792256          0.181472                0.587224
24                          -481.096665          180.092588          0.092979                0.336303
25                          206.522261          377.407475          0.284917                0.532508
26                          628.489643          25.956219          0.602828                0.194413
27                          -218.593225          48.927024          0.616518                0.844368
28                          -242.631050          -66.021162          0.085154                0.840102
29                          37.449949          100.110976          0.056143                0.239348
30                          75.015256          134.700105          0.104011                0.378090
31                          -260.293469          119.887390          0.052973                0.449711
32                          73.747003          133.752402          0.091361                0.958659
33                          51.457404          -193.597488          0.492394                0.978286
34                          388.241677          76.547134          0.374339                0.311649
35                          16.038669          36.132115          0.384709                0.647448
36                          -4.519151          85.810937          0.108405                0.990841
37                          -202.866192          -75.781882          0.803334                0.479319
38                          111.033046          -263.421696          0.078301                0.796675
39                          -214.236874          191.441496          0.210448                0.246863
40                          -128.222844          -2.959716          0.797512                0.352523
41                          461.015066          -69.382352          0.326173                0.998744
42                          -110.598721          111.712260          0.997430                0.950904
43                          410.005461          108.070783          0.622026                0.767531
44                          400.868892          -610.465649          0.929791                0.394774
45                          647.724390          -143.810941          0.010557                0.726147
46                          -61.297859          -106.141786          0.142581                0.123119
47                          508.223242          -165.793686          0.422399                0.665339
48                          -274.496149          615.884643          0.711783                0.010705
49                          -217.950692          81.296806          0.573695                0.646994
50                          -222.952737          527.261594          0.016830                0.494488
51                          -32.284244          -458.286027          0.230287                0.808363
52                          -112.988370          -369.883636          0.345512                0.385398
53                          -101.463176          -114.331781          0.445430                0.458638
54                          -120.937683          -287.784911          0.630500                0.680585
55                          -302.418188          -86.259109          0.225371                0.266277
56                          -91.406881          -267.410938          0.363211                0.656438
57                          -218.964127          19.075296          0.229076                0.930509
58                          -313.794936          318.568255          0.100491                0.070040
59                          -13.459388          319.765748          0.021067                0.989910
60                          -36.899541          301.467245          0.881036                0.137801
61                          -174.992198          796.052602          0.555281                0.703621
62                          -295.043713          -88.958576          0.004249                0.931019
63                          -250.798857          -37.435568          0.255862                0.521093
64                          -258.723132          -529.396822          0.501255                0.942109
65                          165.661096          12.139032          0.515213                0.341129
66                          -59.173722          -347.160049          0.224464                0.754150
67                          136.814240          -294.468302          0.020775                0.515620
68                          -135.294001          -403.340091          0.910990                0.403222
69                          221.326907          328.175822          0.089526                0.671215
70                          -177.675045          -200.861875          0.008788                0.749440
71                          50.645093          -129.537601          0.092710                0.949482
72                          -51.893647          314.463054          0.987261                0.340816
73                          -48.462214          -214.166155          0.437986                0.848307
74                          19.537707          218.068726          0.454627                0.469863
75                          -266.115049          -170.402923          0.355609                0.094986
76                          90.823620          -36.957032          0.404121                0.298267
77                          -160.547064          33.706588          0.313838                0.299267
78                          414.848415          -22.287626          0.040393                0.845693
79                          244.919424          -119.396264          0.371831                0.994268
80                          291.388139          35.326975          0.690628                0.449493
81                          585.319761          -193.676988          0.104106                0.890108
82                          -142.473088          255.960482          0.049322                0.919886
83                          467.416938          67.776922          0.633590                0.705944
84                          61.927404          283.317700          0.134713                0.830505
85                          212.166512          349.211326          0.390107                0.031050
86                          99.928073          -90.394658          0.582982                0.474007
87                          -490.818215          233.735549          0.196764                0.952879
88                          279.057223          261.482543          0.563880                0.779958
89                          546.626285          162.112446          0.592097                0.615843
90                          -332.169229          -20.880838          0.628231                0.766245
91                          -163.092258          468.506255          0.499107                0.170663
92                          398.567886          -112.180534          0.109145                0.624211
93                          268.464362          305.376818          0.000355                0.160421
94                          350.032556          207.711871          0.833877                0.614346
95                          -50.261311          -556.815547          0.579456                0.416649
96                          25.409046          53.171845          0.918226                0.781983
97                          6.714479          40.445326          0.199020                0.636507
98                          -30.293765          -292.838904          0.368925                0.838549
99                          -177.920433          -190.407759          0.755330                0.568616
100                          383.336375          181.335037          0.037180                0.579502
101                          -171.144827          -186.415309          0.830148                0.503412
102                          -225.666251          560.606599          0.600990                0.510512
103                          -324.986870          3.796898          0.986778                0.891325
104                          308.125649          -4.426495          0.793608                0.724584
105                          283.112030          -58.832730          0.163793                0.143056
106                          -89.387504          -11.761920          0.572393                0.374353
107                          101.976423          -81.566883          0.258863                0.429830
108                          -81.789870          -38.228651          0.681140                0.754224
109                          -141.238390          76.805996          0.050973                0.539334
110                          435.850977          -4.714806          0.923400                0.089817
111                          450.053898          244.881619          0.861189                0.871117
112                          -72.314190          -265.847202          0.044476                0.515718
113                          200.547512          162.499899          0.608310                0.197523
114                          1.845171          242.632686          0.101315                0.839759
115                          76.735830          173.166746          0.458112                0.655017
116                          -72.997139          -2.329729          0.454376                0.714269
117                          -197.371403          170.044030          0.006771                0.409601
118                          -27.474090          94.826166          0.247205                0.593390
119                          268.244351          -37.638982          0.884309                0.032170
120                          107.211633          146.283164          0.695677                0.029946
121                          -123.922775          -82.752836          0.803033                0.188080
122                          -320.043455          -107.756096          0.971152                0.210698
123                          416.077857          245.328238          0.671643                0.728312
124                          155.530645          247.729336          0.783278                0.815382
125                          173.981010          15.762268          0.696843                0.305897
126                          -5.392685          104.602250          0.599279                0.366341
127                          85.745361          -83.144498          0.866294                0.366898
128                          106.658231          -272.682468          0.172540                0.382630
129                          -132.107235          -47.418318          0.136059                0.434876
130                          -81.446479          -447.288540          0.777132                0.550907
131                          138.272084          187.367132          0.869398                0.877372
132                          44.333792          162.713972          0.586897                0.048682
133                          -123.557411          269.617366          0.595412                0.942518
134                          27.259768          332.359510          0.790062                0.479267
135                          -83.597623          42.890167          0.383749                0.044938
136                          -202.996315          -297.943831          0.783194                0.154457
137                          220.653556          -112.980434          0.601240                0.201723
138                          -77.083064          -163.543899          0.411939                0.449956
139                          68.634622          435.995751          0.241461                0.731976
140                          -26.484005          -14.090696          0.419056                0.302210
141                          121.970711          472.236791          0.951927                0.729894
142                          185.363603          22.036425          0.385970                0.428006
143                          -70.268877          175.736860          0.735799                0.382018
144                          12.577515          78.936758          0.644944                0.797757
145                          -472.228999          -274.484467          0.779093                0.719403
146                          -392.225409          53.240160          0.584531                0.401763
147                          46.587796          181.809400          0.446633                0.186910
148                          16.446542          -427.468622          0.473510                0.785454
149                          -113.015798          488.770869          0.204555                0.040680
150                          -54.731179          287.913908          0.010524                0.633548
151                          353.785772          -118.548102          0.857960                0.934195
152                          -76.418341          35.139654          0.766565                0.619523
153                          -297.440784          -460.893594          0.306753                0.162212
154                          -488.595044          86.978074          0.682316                0.092889
155                          -194.254447          -205.647717          0.239358                0.109109
156                          419.819632          59.489367          0.393430                0.018695
157                          -412.115931          74.273089          0.269873                0.218640
158                          40.384923          -374.390417          0.853033                0.660644
159                          281.872960          -331.631418          0.564371                0.164418
160                          579.092975          -48.011993          0.060348                0.446054
161                          46.255852          -38.665016          0.588668                0.967092
162                          -162.487990          -119.135591          0.700510                0.696263
163                          -334.124615          162.163676          0.087038                0.577826
164                          -111.667573          -65.081151          0.901034                0.419203
165                          -338.634732          194.900065          0.277416                0.497719
166                          -74.958284          249.132800          0.938910                0.202600
167                          -407.048311          -371.922844          0.167565                0.513286
168                          33.984826          -203.726402          0.785235                0.005046
169                          -104.482827          -92.655830          0.821460                0.818103
170                          -129.911935          -153.415827          0.403555                0.594785
171                          -211.875236          -9.745359          0.082656                0.183494
172                          249.735010          174.761707          0.458189                0.883714
173                          111.923707          -186.596395          0.258408                0.071326
174                          -125.871993          151.709558          0.370202                0.837341
175                          32.966257          -142.407621          0.805990                0.366885
176                          -13.383632          337.235662          0.093221                0.633785
177                          96.809786          200.273825          0.733569                0.774079
178                          164.118340          -217.830366          0.283781                0.775116
179                          -415.802103          -168.361734          0.758928                0.324241
180                          -445.359376          183.564619          0.930157                0.519596
181                          -7.096361          247.829949          0.243554                0.994311
182                          -41.130468          28.824543          0.679610                0.681955
183                          -341.846845          74.930178          0.344649                0.411992
184                          -220.727534          -482.620099          0.528987                0.748516
185                          -51.055482          -45.713696          0.438085                0.286667
186                          -98.169629          105.502096          0.611003                0.516655
187                          155.598189          547.116419          0.270601                0.942301
188                          -152.485182          -83.318338          0.945046                0.603266
189                          -473.100357          -60.957435          0.205618                0.112550
190                          -133.404723          -175.342483          0.189590                0.344045
191                          -145.721370          -93.967733          0.505412                0.824973
192                          -191.698827          -243.121933          0.432739                0.385768
193                          -509.000641          -81.026978          0.257753                0.871350
194                          -114.165377          -174.807531          0.416259                0.814496
195                          -163.813041          -53.855217          0.964759                0.939073
196                          -24.860334          -13.741942          0.890754                0.112967
197                          210.647664          -89.088001          0.079125                0.141959
198                          -392.670669          45.123783          0.290128                0.300651
199                          -91.581628          54.982953          0.987811                0.005430
200                          -191.660736          83.306665          0.249801                0.215607
201                          395.985255          -97.995443          0.666999                0.933860
202                          -19.935935          -376.279262          0.402661                0.924595
203                          -101.753126          -3.230123          0.243403                0.618582
204                          -164.812610          -124.403336          0.255796                0.248185
205                          -92.530397          -335.363306          0.496020                0.300973
206                          -14.571800          -212.265861          0.500129                0.463852
207                          389.366856          84.463671          0.324060                0.268821
208                          13.874580          49.378232          0.247321                0.679730
209                          161.931958          249.565601          0.285212                0.731579
210                          -209.119570          559.511488          0.508986                0.645854
211                          -194.867940          -304.309974          0.891130                0.400146
212                          -210.318019          32.169623          0.718813                0.685483
213                          126.559574          -45.002044          0.280066                0.535695
214                          105.779641          -99.614104          0.865165                0.237945
215                          -388.747101          244.185999          0.257052                0.744542
216                          -193.032453          -451.684112          0.197961                0.024620
217                          -88.201891          110.280113          0.618017                0.095615
218                          87.377033          195.030121          0.700344                0.260149
219                          -0.486572          182.722378          0.429137                0.880192
220                          74.837322          93.861199          0.352465                0.890298
221                          25.300746          335.447801          0.049734                0.055077
222                          -48.799639          481.444000          0.558110                0.881757
223                          -92.065908          -192.872874          0.414754                0.049128
224                          -448.903569          24.953014          0.926213                0.830500
225                          -232.966996          -532.031002          0.429185                0.974930
226                          -450.685495          -174.731739          0.388394                0.029174
227                          -232.177009          714.924466          0.690100                0.409924
228                          390.873128          395.715049          0.534640                0.504865
229                          -204.146280          -231.218220          0.892752                0.789040
230                          -87.065159          -617.573562          0.458574                0.106625
231                          -200.348834          133.631180          0.544124                0.622525
232                          91.354542          490.122310          0.865857                0.880664
233                          178.810954          170.260978          0.673480                0.807975
234                          -9.575236          -50.445374          0.309948                0.057149
235                          -196.450978          -237.781345          0.423638                0.444662
236                          -194.425313          214.304420          0.191518                0.984025
237                          427.296951          -340.043016          0.156526                0.135201
238                          -68.570245          20.946785          0.190584                0.785309
239                          20.859228          -96.009088          0.422132                0.313105
240                          386.223036          -295.919283          0.368431                0.523921
241                          897.315005          -153.021161          0.861643                0.944146
242                          22.843738          133.792508          0.724430                0.683414
243                          254.246865          346.515258          0.545024                0.939426
244                          -287.002850          -144.257352          0.302829                0.426227
245                          -267.402621          483.105626          0.924663                0.607585
246                          367.935250          25.541205          0.867082                0.711645
247                          39.981761          184.772243          0.275437                0.979893
248                          -100.819012          403.318552          0.980506                0.543191
249                          -169.653156          -114.955207          0.578752                0.511826
250                          -29.489238          86.059833          0.298207                0.619059
251                          306.334124          243.207269          0.037068                0.547372
252                          4.111745          -100.241638          0.643151                0.424035
253                          -414.006514          -199.103608          0.471114                0.965576
254                          161.474300          -144.223879          0.148523                0.002876
255                          143.639329          -82.488098          0.134326                0.852834
256                          180.995269          53.094914          0.068078                0.817181
257                          127.967360          230.630833          0.967275                0.571047
258                          -290.351786          44.249980          0.597256                0.735152
259                          -611.514395          -134.932921          0.395819                0.263729
260                          159.640918          264.979574          0.694837                0.716099
261                          -15.249339          338.947123          0.239886                0.991658
262                          -8.362250          235.874458          0.347727                0.136709
263                          122.195238          -266.213807          0.870755                0.679901
264                          169.391600          -131.415016          0.312832                0.534336
265                          410.639049          102.066444          0.050297                0.733191
266                          -82.634622          -13.089992          0.019131                0.988222
267                          108.671911          29.066954          0.951478                0.866417
268                          -276.062074          386.110985          0.065044                0.556805
269                          -451.823168          364.271974          0.826910                0.612284
270                          283.206153          -34.304419          0.887753                0.219939
271                          61.300132          164.985428          0.287207                0.911410
272                          104.177340          54.361700          0.183958                0.173448
273                          110.753367          298.846341          0.233088                0.045109
274                          109.656805          93.459341          0.288864                0.338479
275                          -234.073227          -207.801900          0.251323                0.081905
276                          -87.763495          52.286410          0.774377                0.940453
277                          -151.944861          -20.870590          0.107796                0.311578
278                          -201.889169          -221.072996          0.843389                0.400142
279                          -439.327597          343.015426          0.524703                0.163231
280                          -354.655705          -135.147480          0.228472                0.354656
281                          -222.377898          -56.975466          0.242995                0.288258
282                          226.104410          -67.367903          0.080887                0.026144
283                          -258.374426          -114.149842          0.357204                0.664187
284                          149.504383          -31.752833          0.126118                0.422777
285                          -223.238921          -28.138689          0.503724                0.938000
286                          241.057322          -140.202165          0.252366                0.679586
287                          -304.025908          39.251676          0.025749                0.280090
288                          7.572997          -92.437649          0.892765                0.018220
289                          -235.033093          167.519121          0.164363                0.190745
290                          320.195160          69.673275          0.436840                0.281453
291                          226.819185          -75.291013          0.881801                0.089318
292                          -160.802724          114.083977          0.464704                0.268585
293                          402.660848          156.305302          0.419313                0.855019
294                          -311.208845          75.549096          0.053934                0.977156
295                          -35.513840          36.084574          0.844022                0.737456
296                          62.836984          -276.278983          0.165162                0.947123
297                          197.580944          -71.842486          0.320178                0.926806
298                          -120.287428          -21.865879          0.273308                0.014051
299                          -237.970885          -3.674814          0.859680                0.037515
300                          -55.123144          -138.454641          0.177060                0.713906
301                          -0.551107          73.190338          0.482175                0.400144
302                          166.619816          17.344537          0.355189                0.059765
303                          38.216906          762.036874          0.091285                0.562404
304                          11.076534          444.020691          0.518275                0.424291
305                          -385.635408          -207.617096          0.726900                0.250174
306                          -29.729292          -181.109268          0.969522                0.801141
307                          168.195737          40.572238          0.692259                0.670821
308                          -346.095761          79.975766          0.406684                0.388002
309                          44.362968          -175.413204          0.203616                0.723560
310                          -468.828283          -290.488725          0.889415                0.684474
311                          195.037948          140.205815          0.616231                0.030830
312                          -76.351192          236.382273          0.064701                0.073370
313                          -381.192309          -98.245555          0.927947                0.808743
314                          -192.044160          2.375119          0.186842                0.727360
315                          -42.748801          77.521755          0.751016                0.641707
316                          -112.090983          -482.541555          0.830393                0.842912
317                          405.363926          -313.368613          0.793598                0.467851
318                          -84.058986          180.800733          0.456106                0.674358
319                          -232.461891          -552.873274          0.292641                0.633764
320                          91.808342          312.403752          0.103420                0.233889
321                          -0.678405          362.058119          0.927722                0.307722
322                          -15.344798          74.396881          0.620680                0.901100
323                          644.152710          -115.797709          0.095674                0.464587
324                          33.669503          102.670478          0.079747                0.150415
325                          -231.847076          -411.699372          0.245976                0.854788
326                          -191.680790          128.700853          0.427550                0.727373
327                          62.889940          183.001712          0.921431                0.615815
328                          -239.919629          507.771379          0.501189                0.591383
329                          204.251824          -429.486766          0.101232                0.943033
330                          24.470671          122.886782          0.790383                0.755402
331                          -32.806584          -93.433715          0.627080                0.827570
332                          -79.635687          346.457890          0.720042                0.791694
333                          196.639871          176.831244          0.637704                0.398187
334                          98.071648          58.409955          0.667492                0.198102
335                          215.269480          135.400547          0.207419                0.819415
336                          186.500768          -91.680940          0.974198                0.006789
337                          328.126066          312.130348          0.620334                0.344833
338                          63.029921          -211.113416          0.956665                0.288860
339                          189.992910          -2.234971          0.252742                0.417686
340                          472.252775          -36.382364          0.863854                0.383121
341                          -9.199360          -103.257029          0.838829                0.772793
342                          -150.656848          48.115335          0.484947                0.670851
343                          210.306257          130.582035          0.656442                0.186038
344                          -224.063742          181.377704          0.625004                0.586578
345                          144.404953          341.118107          0.641545                0.285102
346                          -241.193625          177.592282          0.125626                0.785024
347                          584.457184          -353.700262          0.854778                0.117667
348                          252.698682          302.840837          0.402230                0.284390
349                          -116.569061          211.554826          0.684264                0.481994
350                          379.924681          57.940103          0.289712                0.719594
351                          -112.923216          -371.131310          0.015995                0.381926
352                          250.575691          -502.121174          0.758462                0.625312
353                          327.670500          360.603872          0.683529                0.845124
354                          419.078356          -456.284232          0.183606                0.084074
355                          393.551332          -18.480199          0.747845                0.175604
356                          -36.414263          85.022619          0.481890                0.910372
357                          -63.329392          118.164189          0.129243                0.007321
358                          -185.685143          -81.192013          0.258130                0.803556
359                          -99.086038          118.450523          0.120794                0.685765
360                          -41.205772          -384.956980          0.249091                0.556781
361                          -339.948295          -75.945941          0.089332                0.765330
362                          166.589666          170.063577          0.973238                0.714456
363                          272.508104          -32.353953          0.178682                0.200286
364                          -25.825838          6.909864          0.141495                0.511687
365                          97.285825          -183.871749          0.680237                0.865111
366                          -308.607035          -252.375356          0.831117                0.065663
367                          210.229875          212.124423          0.486457                0.153324
368                          -424.598077          8.710385          0.999498                0.390200
369                          -527.512883          -134.075579          0.870838                0.660567
370                          164.346334          -267.858193          0.090980                0.478699
371                          445.703526          345.152815          0.206992                0.569850
372                          69.496056          -24.975064          0.164596                0.311852
373                          93.473234          32.657755          0.742014                0.485095
374                          -109.454235          -129.349436          0.442227                0.174051
375                          127.642327          -102.603387          0.154501                0.665010
376                          126.716580          5.609311          0.774247                0.206831
377                          -338.930331          93.415009          0.477300                0.243162
378                          23.779302          -154.374527          0.671590                0.013511
379                          326.834389          -252.312957          0.621437                0.664027
380                          50.724394          -23.988646          0.841997                0.825709
381                          -456.415429          -291.392133          0.316033                0.458402
382                          -357.414487          293.230196          0.566168                0.145168
383                          -3.911146          472.481367          0.489647                0.447175
384                          164.610827          -79.828595          0.330151                0.780884
385                          232.101947          -123.309514          0.016612                0.494131
386                          342.957633          152.084680          0.432233                0.629737
387                          -211.999690          77.159661          0.678935                0.743459
388                          -71.305749          -57.351634          0.704963                0.482221
389                          -14.119288          8.487744          0.270395                0.220218
390                          271.508486          326.796283          0.288372                0.499809
391                          -258.517115          396.496040          0.406330                0.677068
392                          78.179467          -306.851096          0.452367                0.786030
393                          135.253157          -444.091948          0.664902                0.231143
394                          -82.483122          -548.874621          0.621815                0.809499
395                          -157.122890          -146.750946          0.121978                0.868724
396                          399.456260          16.213120          0.000447                0.472441
397                          349.139760          66.707937          0.038188                0.440154
398                          202.653772          188.008532          0.833945                0.196863
399                          12.976077          -447.453444          0.373692                0.621216
