Particle_Number_idendity     vx(m/s)           vy(m/s)          position_x(m)       position_y(m) 
0                          121.136081          -478.587426          0.778169                0.148413
1                          -4.061637          -254.838508          0.057169                0.293361
2                          -175.214427          127.364464          0.399509                0.290564
3                          -0.071202          -274.607811          0.325116                0.015503
4                          535.069086          -129.376705          0.854632                0.336612
5                          64.628701          149.101207          0.587615                0.200642
6                          -88.319609          91.239794          0.968587                0.089475
7                          -170.094584          268.309540          0.371469                0.032443
8                          -96.602108          153.275326          0.172966                0.087979
9                          -95.776499          247.351788          0.423866                0.926769
10                          -301.834016          -49.556591          0.455751                0.506985
11                          269.904745          460.600777          0.806425                0.588854
12                          82.126649          29.631815          0.220855                0.909377
13                          265.692057          -463.218180          0.274181                0.607086
14                          -147.568341          -263.164216          0.998103                0.401265
15                          6.069092          38.434917          0.218879                0.409787
16                          -22.965439          -192.795158          0.921552                0.113126
17                          -489.278463          387.181801          0.340314                0.502776
18                          -346.291235          260.842633          0.385775                0.099664
19                          232.165182          -307.329193          0.346932                0.298786
20                          -266.040032          162.081219          0.237986                0.762267
21                          -279.515513          401.203289          0.743204                0.321655
22                          171.875515          -339.308414          0.446762                0.134003
23                          -249.399537          -223.168388          0.808397                0.649343
24                          -300.554306          -320.270982          0.546711                0.417600
25                          -152.684112          -211.735617          0.110943                0.053496
26                          -42.933110          624.158823          0.418549                0.529670
27                          20.964047          -109.601130          0.969245                0.214131
28                          136.351092          117.411386          0.903094                0.426603
29                          -67.452442          46.661934          0.327345                0.406305
30                          289.483852          0.320576          0.699842                0.971609
31                          -225.568084          -459.266172          0.644901                0.803600
32                          170.655520          186.790758          0.573657                0.502829
33                          51.467754          95.402306          0.300873                0.153309
34                          16.326161          -94.278681          0.495153                0.651847
35                          105.058801          201.704227          0.542478                0.117663
36                          -82.053314          -0.805689          0.140826                0.528766
37                          -94.460049          233.365116          0.307332                0.106280
38                          430.503558          -281.945463          0.714038                0.173760
39                          -361.964077          187.161185          0.198294                0.059881
40                          129.832521          3.406051          0.782301                0.230397
41                          270.774130          -77.568955          0.574384                0.917362
42                          -138.446886          443.375059          0.152758                0.852012
43                          37.401730          -254.267259          0.028444                0.383863
44                          154.702045          1.202243          0.503911                0.932574
45                          260.302708          -190.955440          0.473653                0.125758
46                          538.496857          256.055658          0.504079                0.523613
47                          208.077658          -23.986607          0.827471                0.014444
48                          300.652098          74.723517          0.521930                0.076019
49                          141.388404          -117.280781          0.431240                0.258354
50                          250.476967          183.813550          0.666442                0.431440
51                          405.804419          -48.764611          0.614026                0.401717
52                          -46.369595          292.025325          0.587247                0.266543
53                          309.917636          -17.124104          0.119370                0.220738
54                          107.175326          434.776577          0.425436                0.409440
55                          185.958343          109.243406          0.014230                0.575683
56                          -217.335299          -315.956787          0.016864                0.633939
57                          -427.902620          314.356664          0.697162                0.168443
58                          -220.613695          -310.561628          0.448665                0.698493
59                          140.121937          117.392817          0.917513                0.654696
60                          695.695520          81.643197          0.606777                0.332108
61                          -140.410494          156.741059          0.511480                0.010153
62                          -14.468233          142.768074          0.793850                0.448756
63                          6.193912          119.785463          0.739376                0.067132
64                          143.511867          -170.808920          0.500377                0.273581
65                          42.793830          74.440410          0.949395                0.810183
66                          -57.510161          177.854822          0.253527                0.032296
67                          398.983004          18.045509          0.580995                0.341657
68                          23.178811          -106.217447          0.223697                0.343084
69                          -21.612820          340.014125          0.800789                0.455587
70                          -127.649724          -145.731767          0.525261                0.688015
71                          -206.584732          -143.879351          0.392457                0.165066
72                          271.929860          373.487175          0.429994                0.558256
73                          231.789137          111.494665          0.474620                0.668025
74                          -74.232811          -105.379987          0.498143                0.729684
75                          -24.096805          -307.414942          0.277159                0.873729
76                          -375.712033          -268.182109          0.530015                0.857313
77                          -56.267533          -19.997807          0.991165                0.247444
78                          -98.680154          -54.008535          0.051763                0.612283
79                          334.332483          31.841894          0.734683                0.583991
80                          46.191381          -119.111301          0.066055                0.664398
81                          -609.729760          89.719771          0.110676                0.606239
82                          -85.459978          -46.105743          0.665928                0.252678
83                          305.080301          -211.145573          0.248095                0.456446
84                          114.822679          71.800027          0.387664                0.909188
85                          178.005395          -364.816015          0.008034                0.622217
86                          -459.857640          -192.382314          0.304149                0.391817
87                          240.952497          285.197329          0.104721                0.436989
88                          -114.473007          -274.750916          0.929615                0.474981
89                          -385.415275          117.996415          0.529696                0.498251
90                          -86.131577          581.138494          0.375637                0.398725
91                          774.654152          -425.443574          0.743475                0.786125
92                          160.242492          329.650316          0.421276                0.799287
93                          103.470507          315.074063          0.267484                0.601145
94                          35.171561          233.409646          0.790167                0.282617
95                          -176.735067          -170.047873          0.798621                0.239266
96                          257.966025          249.230548          0.382763                0.460138
97                          202.482957          184.864749          0.507806                0.255110
98                          -9.726105          -9.391532          0.985705                0.841053
99                          -52.437618          -409.258877          0.387947                0.479512
100                          -80.418320          -105.880856          0.563663                0.553910
101                          -276.708708          -415.968036          0.273442                0.953905
102                          297.240860          300.885169          0.188739                0.131899
103                          -164.901737          107.917050          0.111535                0.289525
104                          164.682525          -368.051293          0.521566                0.763112
105                          106.324252          352.196651          0.886400                0.430360
106                          -119.302172          -63.389738          0.690966                0.469093
107                          331.944766          258.246517          0.115517                0.904525
108                          -372.797299          84.359744          0.055561                0.710222
109                          274.433221          275.492008          0.888408                0.481748
110                          112.520356          -125.337141          0.170925                0.780871
111                          58.598090          -170.705706          0.224106                0.584966
112                          -145.426826          -35.264221          0.345111                0.854470
113                          279.917327          79.979346          0.076474                0.433416
114                          197.695968          29.847498          0.498426                0.849781
115                          235.876297          -235.415068          0.835049                0.547257
116                          -238.739712          293.104245          0.530676                0.236087
117                          -283.592964          -206.211538          0.762097                0.462040
118                          -111.005516          -120.072919          0.411911                0.796055
119                          -54.425475          -88.443568          0.699878                0.968564
120                          -376.211759          -320.233699          0.739736                0.048249
121                          -104.224244          98.166859          0.846344                0.078593
122                          235.480302          287.201883          0.161872                0.671902
123                          -87.790071          -78.207151          0.552908                0.163340
124                          -312.768280          -183.273684          0.647226                0.222515
125                          513.596840          98.851834          0.119501                0.280894
126                          -199.823476          126.391897          0.014132                0.656643
127                          -382.476434          -199.280553          0.857348                0.883114
128                          411.086781          291.096468          0.768878                0.358342
129                          -115.399958          -16.245741          0.335809                0.423804
130                          17.930558          244.621283          0.063904                0.326896
131                          -260.377879          482.910204          0.135521                0.422491
132                          -71.117523          -367.527075          0.977568                0.912971
133                          292.376591          90.580366          0.249023                0.423387
134                          -100.261974          254.526618          0.271953                0.414745
135                          -184.335426          314.974612          0.871893                0.634442
136                          87.362284          174.694694          0.136413                0.353984
137                          65.432010          -63.117863          0.740339                0.267527
138                          4.496268          157.278621          0.426325                0.427817
139                          199.189405          -39.161426          0.250999                0.710343
140                          -31.612527          -221.616327          0.122081                0.707133
141                          -339.431945          242.442324          0.661008                0.521005
142                          -251.260302          377.738490          0.613216                0.988924
143                          -176.093797          376.938969          0.136727                0.067770
144                          235.638394          213.626420          0.986897                0.929259
145                          284.176844          -191.879493          0.867529                0.654743
146                          -149.209432          -25.946630          0.945057                0.732935
147                          482.985452          -221.089612          0.417797                0.368353
148                          -145.500381          -473.902857          0.400310                0.961885
149                          121.758365          248.124973          0.287884                0.553909
150                          357.594356          180.851492          0.330489                0.810446
151                          1.136960          -274.896897          0.619180                0.691817
152                          -311.080385          -5.396437          0.729821                0.746241
153                          537.737473          43.002814          0.503074                0.093610
154                          -143.498819          19.242068          0.705166                0.357742
155                          -186.504007          49.085932          0.345436                0.706169
156                          40.473824          -287.153349          0.121189                0.719029
157                          496.381936          212.594782          0.397433                0.450058
158                          -96.096300          66.155421          0.138381                0.617084
159                          82.025645          55.573948          0.361601                0.504734
160                          58.339932          40.762774          0.060778                0.555045
161                          -114.039101          -258.492651          0.840229                0.802462
162                          223.271219          200.657784          0.545322                0.729785
163                          -237.343193          -47.927379          0.287931                0.458010
164                          309.322832          147.231794          0.287362                0.867382
165                          -185.430638          -496.694573          0.056398                0.089208
166                          147.202508          -588.418900          0.487637                0.636620
167                          -335.024907          53.257573          0.250000                0.790875
168                          -131.521259          403.029723          0.389908                0.723653
169                          27.659886          66.573176          0.527758                0.444026
170                          -160.303502          77.716621          0.721017                0.657935
171                          90.798212          307.658377          0.617414                0.317496
172                          215.478665          -157.565990          0.876826                0.851055
173                          -55.662302          276.058190          0.107352                0.827562
174                          -112.123051          310.660164          0.866922                0.917195
175                          206.557463          -256.296709          0.237382                0.197968
176                          185.076855          -443.713299          0.365651                0.375110
177                          -262.159582          10.240416          0.806520                0.394492
178                          -103.844936          -92.445901          0.379247                0.773202
179                          -252.582506          -11.622771          0.247175                0.804218
180                          45.988308          202.671120          0.150699                0.871242
181                          -185.111007          277.287031          0.070832                0.448179
182                          -100.253947          33.827231          0.204651                0.064112
183                          -34.909029          -178.002034          0.485203                0.926889
184                          80.488731          -177.978592          0.823054                0.123041
185                          -248.350021          -169.904555          0.646978                0.601829
186                          -442.526599          277.433333          0.744825                0.109991
187                          212.097341          -385.056066          0.384166                0.802219
188                          249.412294          241.339646          0.423080                0.648114
189                          298.345470          534.462921          0.097694                0.605831
190                          45.620129          -379.375052          0.528194                0.770127
191                          -447.688063          85.705264          0.336112                0.424142
192                          49.653739          -219.983242          0.205646                0.235613
193                          -401.041451          -128.873934          0.768469                0.918091
194                          426.858623          -17.908754          0.752601                0.325927
195                          -11.788598          166.243222          0.151608                0.637768
196                          -92.216723          -80.939692          0.369843                0.584934
197                          173.260270          -99.269546          0.367560                0.353406
198                          -341.649004          -114.209285          0.837081                0.184859
199                          -17.712634          -293.245096          0.748109                0.118423
200                          147.610265          -95.909146          0.232137                0.105149
201                          -272.150940          33.273708          0.468764                0.527292
202                          -48.985233          -29.672157          0.600880                0.477265
203                          6.208317          13.334660          0.879889                0.252911
204                          281.199609          292.905946          0.367678                0.295520
205                          -261.352792          -87.433060          0.133593                0.520474
206                          84.600650          369.358903          0.544771                0.544772
207                          -267.622009          223.127590          0.249785                0.670652
208                          -15.517839          197.136062          0.539214                0.696988
209                          -66.717657          -100.585568          0.509686                0.300744
210                          389.081979          -418.499215          0.762628                0.783634
211                          -35.376132          -315.317361          0.747090                0.925041
212                          -72.728010          -95.654927          0.557136                0.870212
213                          15.104237          467.270774          0.091665                0.467142
214                          -216.545632          518.818753          0.167893                0.583043
215                          150.499451          38.013617          0.197488                0.774462
216                          -111.452571          -260.858753          0.158387                0.145700
217                          -7.004508          -183.131026          0.905106                0.226518
218                          -258.570855          -594.309669          0.344463                0.551364
219                          -153.577999          -320.158643          0.873392                0.564878
220                          337.346153          -248.996356          0.636883                0.110860
221                          9.454395          -251.735860          0.946973                0.167421
222                          -281.405867          -376.765330          0.988596                0.250615
223                          -330.788650          396.251164          0.973687                0.658223
224                          116.770445          184.540203          0.445315                0.602021
225                          59.275197          202.240646          0.506417                0.158220
226                          -187.627815          2.851260          0.800476                0.093291
227                          -47.294811          -121.923494          0.159835                0.462424
228                          -26.033855          243.333320          0.907266                0.158430
229                          -265.330793          83.971503          0.498931                0.632967
230                          379.364533          -45.182771          0.832177                0.259587
231                          -206.439443          166.962585          0.427000                0.466459
232                          106.246992          101.868518          0.255875                0.379359
233                          4.225697          -172.058583          0.824414                0.335832
234                          199.783168          -88.667484          0.831352                0.870008
235                          100.851572          257.484026          0.291733                0.930022
236                          -299.624233          70.542916          0.030090                0.168929
237                          -149.910587          120.435471          0.726871                0.056958
238                          -96.017439          273.969049          0.757904                0.560758
239                          210.160599          -15.353424          0.259606                0.058675
240                          -382.473604          -264.270911          0.163876                0.512383
241                          -238.154237          424.426545          0.400304                0.646394
242                          -244.735466          -333.001265          0.745925                0.379075
243                          21.107511          -372.309704          0.862143                0.612106
244                          -263.305937          -38.272294          0.156158                0.768075
245                          375.145368          393.075268          0.971615                0.444178
246                          -353.287694          0.283443          0.740406                0.516932
247                          231.618119          -45.577463          0.880625                0.185874
248                          -56.425213          252.007376          0.502698                0.632962
249                          54.369729          30.920062          0.041416                0.218759
250                          -321.136670          391.582474          0.592846                0.670692
251                          83.820436          -14.752630          0.039892                0.216755
252                          95.809556          -50.838957          0.647732                0.465108
253                          313.166064          -304.309886          0.460639                0.368294
254                          485.646201          14.452889          0.006397                0.025253
255                          3.312689          410.630316          0.287697                0.673811
256                          118.577366          -141.604384          0.011461                0.510475
257                          -258.640373          -189.267649          0.404757                0.565205
258                          62.399446          -154.420116          0.733807                0.515091
259                          -355.068628          131.203854          0.926869                0.298603
260                          158.475269          249.679700          0.403827                0.707703
261                          -355.048018          184.959171          0.270940                0.361913
262                          14.972544          -292.709898          0.739508                0.234194
263                          -70.593409          29.696108          0.892535                0.999280
264                          -58.216209          -121.861002          0.326246                0.064041
265                          81.395794          -133.311252          0.061209                0.069426
266                          -98.902585          147.434440          0.601361                0.638258
267                          15.702882          301.441879          0.516477                0.393227
268                          8.224324          88.914093          0.612957                0.174498
269                          -298.871096          145.610795          0.378341                0.828723
270                          -337.482856          -235.435289          0.402010                0.324875
271                          -106.767502          -46.985224          0.393575                0.578215
272                          0.918305          -315.048627          0.851713                0.386454
273                          -136.684062          508.668894          0.177770                0.500215
274                          -99.022168          -324.224763          0.376398                0.887324
275                          92.030342          332.040718          0.373658                0.150407
276                          -230.456369          34.083052          0.498880                0.346146
277                          -266.091897          235.508931          0.496888                0.284076
278                          238.562807          -216.261502          0.760001                0.652459
279                          -9.001060          160.209318          0.096217                0.821336
280                          -42.324029          -23.538078          0.337966                0.592348
281                          340.847120          89.004067          0.705702                0.845137
282                          -221.940400          162.255028          0.393795                0.037929
283                          310.596123          524.921386          0.830581                0.116433
284                          94.004974          49.794201          0.442357                0.596397
285                          -182.856427          -168.182469          0.092012                0.169884
286                          -577.448225          -82.626223          0.179221                0.402787
287                          64.016238          115.558459          0.449303                0.238457
288                          244.055542          659.646841          0.184882                0.207900
289                          -413.581968          -509.110746          0.966251                0.179334
290                          419.155572          278.211986          0.071494                0.000822
291                          -563.661471          41.057762          0.265932                0.458266
292                          -97.964471          75.686523          0.682684                0.609599
293                          -107.841725          20.104822          0.323743                0.834510
294                          206.360600          94.722677          0.153694                0.971150
295                          88.327598          76.662503          0.766893                0.972612
296                          82.765215          52.993199          0.983472                0.226988
297                          -193.647523          413.312474          0.853600                0.415325
298                          288.371129          -175.734432          0.713845                0.968019
299                          104.015689          -159.198281          0.307475                0.890903
300                          -89.885503          -477.375437          0.055050                0.088499
301                          113.275925          154.131508          0.023616                0.308555
302                          159.519014          99.495782          0.314249                0.275549
303                          264.251866          200.754862          0.159432                0.476483
304                          84.667585          80.779919          0.916073                0.688253
305                          -620.324326          -254.327438          0.694135                0.601679
306                          26.878325          -622.999196          0.528708                0.197859
307                          67.024235          235.550106          0.482498                0.331259
308                          -207.896250          -104.638050          0.978977                0.203480
309                          -214.906175          -19.349187          0.989123                0.249052
310                          -214.253330          245.191263          0.578477                0.337494
311                          557.727704          48.153382          0.572877                0.944718
312                          144.966682          -455.470867          0.438281                0.998364
313                          -46.937559          -38.040402          0.355525                0.254551
314                          119.308850          172.073288          0.241762                0.018523
315                          -174.099971          26.734465          0.072634                0.945656
316                          -297.437920          7.813084          0.069347                0.051909
317                          -268.094531          -108.496249          0.539076                0.337578
318                          -519.752372          -477.397080          0.678577                0.497189
319                          519.434782          -236.916368          0.481340                0.062192
320                          -201.711288          80.177806          0.195508                0.277124
321                          -239.206285          -200.609363          0.367997                0.417429
322                          155.216338          42.769622          0.816713                0.203397
323                          229.661986          210.923988          0.365714                0.692831
324                          288.181084          -197.885524          0.738163                0.747201
325                          -17.340745          57.088656          0.065385                0.149919
326                          -58.681491          106.479387          0.260920                0.463870
327                          424.413574          373.138822          0.432539                0.556306
328                          109.332620          -241.097805          0.168532                0.639340
329                          83.659995          16.135190          0.968957                0.380802
330                          -158.727301          -417.895866          0.651689                0.007468
331                          -389.184351          -90.126708          0.036189                0.160785
332                          246.940024          10.852966          0.983303                0.245722
333                          201.871137          -388.762554          0.568368                0.068808
334                          192.759565          -37.345281          0.945946                0.477254
335                          -89.891527          -132.437129          0.806647                0.310349
336                          -129.267028          -30.488396          0.111080                0.037283
337                          285.139979          275.642915          0.753324                0.728927
338                          -662.537564          -60.750263          0.750063                0.436257
339                          74.892128          31.184641          0.552572                0.601922
340                          -138.600265          65.202274          0.296312                0.656997
341                          134.838115          169.592850          0.456702                0.890511
342                          35.228281          133.922507          0.490347                0.922481
343                          183.701357          -39.060872          0.258112                0.228552
344                          -18.008924          325.730592          0.161273                0.074050
345                          -90.904789          292.744099          0.216436                0.442796
346                          82.308236          -44.977821          0.880023                0.266598
347                          321.277033          67.385206          0.043665                0.838262
348                          163.508876          -188.267312          0.762734                0.999127
349                          -209.137264          97.524880          0.796402                0.830090
350                          -278.338487          -170.849048          0.296904                0.158724
351                          -208.117264          -5.226286          0.641816                0.184162
352                          117.264569          65.128223          0.783794                0.191033
353                          -231.257305          334.926221          0.293498                0.260609
354                          -254.224382          -237.274980          0.808769                0.955825
355                          131.624922          177.674951          0.919165                0.292142
356                          262.153117          167.957158          0.646788                0.154042
357                          -141.993267          74.709332          0.143312                0.158644
358                          -222.772366          -118.372356          0.465008                0.402738
359                          109.263958          -277.962278          0.367288                0.683516
360                          -385.701580          -1.781346          0.275408                0.963996
361                          -39.885440          70.716428          0.079315                0.478111
362                          -510.789836          -123.844978          0.689884                0.555545
363                          460.979019          -490.715290          0.956731                0.146704
364                          -12.903341          -282.836643          0.584635                0.439972
365                          -248.301866          -39.947633          0.983616                0.999441
366                          135.046151          -424.005996          0.700958                0.775978
367                          -454.410216          177.549494          0.482203                0.287171
368                          311.455841          339.502587          0.086228                0.230458
369                          -159.636363          -165.268124          0.740516                0.140379
370                          296.445091          250.622965          0.627548                0.040971
371                          578.352980          -43.187773          0.702739                0.433829
372                          6.218704          -411.485715          0.611694                0.078757
373                          67.020978          -106.962347          0.679308                0.025019
374                          -221.392632          119.785516          0.361533                0.766116
375                          -240.390936          353.673981          0.568143                0.972126
376                          -111.674092          -153.982074          0.175284                0.035625
377                          337.906442          155.783293          0.337816                0.067182
378                          -255.374902          41.039985          0.019445                0.441245
379                          -56.641858          -69.653970          0.970105                0.424875
380                          -175.863244          -205.981855          0.964020                0.434213
381                          130.447318          -55.286670          0.589701                0.551244
382                          47.676840          -92.804418          0.373351                0.739338
383                          140.217350          -353.212099          0.375195                0.079781
384                          -233.492912          94.088098          0.160172                0.579203
385                          -201.730206          213.149964          0.139978                0.048912
386                          -315.193893          -163.252478          0.399730                0.872820
387                          90.739074          18.350218          0.907779                0.227858
388                          -327.131099          549.875109          0.195701                0.010575
389                          63.498337          246.312289          0.289610                0.737897
390                          171.965940          64.633741          0.851400                0.014777
391                          7.095222          408.973009          0.945490                0.160012
392                          608.276187          110.078858          0.814856                0.002170
393                          -20.119330          299.695683          0.459295                0.741578
394                          42.992968          -155.352660          0.532656                0.769633
395                          30.369361          298.146051          0.100436                0.549611
396                          298.264751          90.618964          0.045975                0.419053
397                          -211.144657          683.155249          0.021280                0.001240
398                          -290.817803          23.583846          0.812750                0.511362
399                          130.104889          -149.434189          0.519683                0.885738
